gameId,actionNumber,clock,period,teamId,teamTricode,personId,playerName,playerNameI,xLegacy,yLegacy,shotDistance,shotResult,isFieldGoal,scoreHome,scoreAway,pointsTotal,location,description,actionType,subType,videoAvailable,shotValue,actionId
22401180,2,PT12M00.00S,1,0,,0,,,0,0,0,,0,0,0,0,,Start of 1st Period (9:11 PM EST),period,start,0,0,1
22401180,4,PT12M00.00S,1,1610612743,DEN,203999,Jokić,N. Jokić,0,0,0,,0,0,0,0,h,Jump Ball Jokic vs. Edey: Tip to Jackson Jr.,Jump Ball,,1,0,2
22401180,7,PT11M37.00S,1,1610612763,MEM,1628991,Jackson Jr.,J. Jackson Jr.,-94,32,10,Missed,1,0,0,0,v,MISS Jackson Jr. 10' Driving Bank Hook Shot,Missed Shot,Driving Bank Hook Shot,1,2,3
22401180,8,PT11M34.00S,1,1610612743,DEN,203999,Jokić,N. Jokić,0,0,0,,0,0,0,0,h,Jokic REBOUND (Off:0 Def:1),Rebound,Unknown,1,0,4
22401180,9,PT11M32.00S,1,1610612763,MEM,1630217,Bane,D. Bane,0,0,0,,0,0,0,0,v,Bane S.FOUL (P1.T1) (E.Dalen),Foul,Shooting,1,0,5
22401180,11,PT11M32.00S,1,1610612743,DEN,203932,Gordon,A. Gordon,0,0,0,,0,1,0,1,h,Gordon Free Throw 1 of 2 (1 PTS),Free Throw,Free Throw 1 of 2,1,0,6
22401180,12,PT11M32.00S,1,1610612743,DEN,203932,Gordon,A. Gordon,0,0,0,,0,2,0,2,h,Gordon Free Throw 2 of 2 (2 PTS),Free Throw,Free Throw 2 of 2,1,0,7
22401180,13,PT11M22.00S,1,1610612743,DEN,1627750,Murray,J. Murray,0,0,0,,0,2,0,2,h,Murray S.FOUL (P1.T1) (E.Dalen),Foul,Shooting,1,0,8
22401180,15,PT11M22.00S,1,1610612763,MEM,1641744,Edey,Z. Edey,0,0,0,,0,2,1,3,v,Edey Free Throw 1 of 2 (1 PTS),Free Throw,Free Throw 1 of 2,1,0,9
22401180,16,PT11M22.00S,1,1610612763,MEM,1641744,Edey,Z. Edey,0,0,0,,0,2,1,3,v,MISS Edey Free Throw 2 of 2,Free Throw,Free Throw 2 of 2,1,0,10
22401180,17,PT11M19.00S,1,1610612743,DEN,1629008,Porter Jr.,M. Porter Jr.,0,0,0,,0,2,1,3,h,Porter Jr. REBOUND (Off:0 Def:1),Rebound,Unknown,1,0,11
22401180,18,PT11M00.00S,1,1610612743,DEN,203932,Gordon,A. Gordon,-241,8,24,Missed,1,2,1,3,h,MISS Gordon 24' 3PT Pullup Jump Shot,Missed Shot,Pullup Jump shot,1,3,12
22401180,19,PT10M56.00S,1,1610612763,MEM,1641744,Edey,Z. Edey,0,0,0,,0,2,1,3,v,Edey REBOUND (Off:0 Def:1),Rebound,Unknown,1,0,13
22401180,20,PT10M48.00S,1,1610612763,MEM,1629630,Morant,J. Morant,47,47,7,Missed,1,2,1,3,v,MISS Morant 7' Driving Finger Roll Layup,Missed Shot,Driving Finger Roll Layup Shot,1,2,14
22401180,21,PT10M45.00S,1,1610612743,DEN,203999,Jokić,N. Jokić,0,0,0,,0,2,1,3,h,Jokic REBOUND (Off:0 Def:2),Rebound,Unknown,1,0,15
22401180,22,PT10M42.00S,1,1610612743,DEN,203932,Gordon,A. Gordon,-235,29,24,Missed,1,2,1,3,h,MISS Gordon 24' 3PT Running Jump Shot,Missed Shot,Running Jump Shot,1,3,16
22401180,23,PT10M39.00S,1,1610612763,MEM,1641744,Edey,Z. Edey,0,0,0,,0,2,1,3,v,Edey REBOUND (Off:0 Def:2),Rebound,Unknown,1,0,17
22401180,24,PT10M26.00S,1,1610612763,MEM,1631246,Williams Jr.,V. Williams Jr.,-229,15,0,Missed,1,2,1,3,v,MISS Williams Jr. 3PT Jump Shot,Missed Shot,Jump Shot,1,3,18
22401180,25,PT10M21.00S,1,1610612743,DEN,1627750,Murray,J. Murray,0,0,0,,0,2,1,3,h,Murray REBOUND (Off:0 Def:1),Rebound,Unknown,1,0,19
22401180,26,PT10M12.00S,1,1610612743,DEN,203932,Gordon,A. Gordon,-23,5,2,Made,1,4,1,5,h,Gordon 2' Driving Dunk (4 PTS),Made Shot,Driving Dunk Shot,1,2,20
22401180,27,PT10M02.00S,1,1610612743,DEN,1631128,Braun,C. Braun,0,0,0,,0,4,1,5,h,Braun S.FOUL (P1.T2) (T.Brothers),Foul,Shooting,1,0,21
22401180,29,PT10M02.00S,1,1610612763,MEM,1629630,Morant,J. Morant,0,0,0,,0,4,2,6,v,Morant Free Throw 1 of 2 (1 PTS),Free Throw,Free Throw 1 of 2,1,0,22
22401180,30,PT10M02.00S,1,1610612763,MEM,1629630,Morant,J. Morant,0,0,0,,0,4,3,7,v,Morant Free Throw 2 of 2 (2 PTS),Free Throw,Free Throw 2 of 2,1,0,23
22401180,31,PT09M49.00S,1,1610612763,MEM,1641744,Edey,Z. Edey,0,0,0,,0,4,3,7,v,Edey S.FOUL (P1.T2) (T.Brothers),Foul,Shooting,1,0,24
22401180,33,PT09M49.00S,1,1610612743,DEN,1627750,Murray,J. Murray,0,0,0,,0,4,3,7,h,MISS Murray Free Throw 1 of 2,Free Throw,Free Throw 1 of 2,1,0,25
22401180,34,PT09M49.00S,1,0,,1610612743,,,0,0,0,,0,4,3,7,h,NUGGETS Rebound,Rebound,Normal Rebound,0,0,26
22401180,35,PT09M49.00S,1,1610612743,DEN,1627750,Murray,J. Murray,0,0,0,,0,5,3,8,h,Murray Free Throw 2 of 2 (1 PTS),Free Throw,Free Throw 2 of 2,1,0,27
22401180,36,PT09M29.00S,1,1610612763,MEM,1630217,Bane,D. Bane,39,280,28,Made,1,5,6,11,v,Bane 28' 3PT Pullup Jump Shot (3 PTS),Made Shot,Pullup Jump shot,1,3,28
22401180,37,PT09M15.00S,1,1610612763,MEM,1630217,Bane,D. Bane,0,0,0,,0,5,6,11,v,Bane S.FOUL (P2.T3) (T.Brothers),Foul,Shooting,1,0,29
22401180,39,PT09M15.00S,1,1610612743,DEN,1627750,Murray,J. Murray,0,0,0,,0,6,6,12,h,Murray Free Throw 1 of 2 (2 PTS),Free Throw,Free Throw 1 of 2,1,0,30
22401180,40,PT09M15.00S,1,1610612763,MEM,1630217,Bane,D. Bane,0,0,0,,0,6,6,12,v,SUB: Kennard FOR Bane,Substitution,,0,0,31
22401180,42,PT09M15.00S,1,1610612743,DEN,1627750,Murray,J. Murray,0,0,0,,0,7,6,13,h,Murray Free Throw 2 of 2 (3 PTS),Free Throw,Free Throw 2 of 2,1,0,32
22401180,43,PT09M07.00S,1,1610612763,MEM,1629630,Morant,J. Morant,-130,215,25,Missed,1,7,6,13,v,MISS Morant 25' 3PT Step Back Jump Shot,Missed Shot,Step Back Jump shot,1,3,33
22401180,44,PT09M03.00S,1,1610612743,DEN,1629008,Porter Jr.,M. Porter Jr.,0,0,0,,0,7,6,13,h,Porter Jr. REBOUND (Off:0 Def:2),Rebound,Unknown,1,0,34
22401180,45,PT08M56.00S,1,1610612743,DEN,203932,Gordon,A. Gordon,28,-2,3,Missed,1,7,6,13,h,MISS Gordon 3' Driving Layup,Missed Shot,Driving Layup Shot,1,2,35
22401180,45,PT08M56.00S,1,1610612763,MEM,1628991,Jackson Jr.,J. Jackson Jr.,0,0,0,,0,7,6,13,v,Jackson Jr. BLOCK (1 BLK),,,1,2,36
22401180,47,PT08M53.00S,1,1610612763,MEM,1631246,Williams Jr.,V. Williams Jr.,0,0,0,,0,7,6,13,v,Williams Jr. REBOUND (Off:0 Def:1),Rebound,Unknown,1,0,37
22401180,48,PT08M48.00S,1,1610612763,MEM,1629630,Morant,J. Morant,-228,48,0,Made,1,7,9,16,v,Morant 3PT Step Back Jump Shot (5 PTS) (Williams Jr. 1 AST),Made Shot,Step Back Jump shot,1,3,38
22401180,50,PT08M36.00S,1,1610612743,DEN,1627750,Murray,J. Murray,0,0,0,,0,7,9,16,h,Murray Out of Bounds - Bad Pass Turnover Turnover (P1.T1),Turnover,Out of Bounds - Bad Pass Turnover,1,0,39
22401180,51,PT08M22.00S,1,1610612763,MEM,1629630,Morant,J. Morant,-25,249,25,Missed,1,7,9,16,v,MISS Morant 25' 3PT Jump Shot,Missed Shot,Jump Shot,1,3,40
22401180,52,PT08M20.00S,1,1610612743,DEN,203999,Jokić,N. Jokić,0,0,0,,0,7,9,16,h,Jokic REBOUND (Off:0 Def:3),Rebound,Unknown,1,0,41
22401180,53,PT08M20.00S,1,1610612763,MEM,1628991,Jackson Jr.,J. Jackson Jr.,0,0,0,,0,7,9,16,v,Jackson Jr. P.FOUL (P1.T4) (T.Brothers),Foul,Personal,1,0,42
22401180,56,PT08M11.00S,1,1610612763,MEM,1628991,Jackson Jr.,J. Jackson Jr.,0,0,0,,0,7,9,16,v,SUB: Aldama FOR Jackson Jr.,Substitution,,0,0,43
22401180,59,PT08M08.00S,1,1610612743,DEN,1629008,Porter Jr.,M. Porter Jr.,0,0,0,,0,7,9,16,h,Porter Jr. Bad Pass Turnover (P1.T2),Turnover,Bad Pass,1,0,44
22401180,59,PT08M08.00S,1,1610612763,MEM,1628379,Kennard,L. Kennard,0,0,0,,0,7,9,16,v,Kennard STEAL (1 STL),,,1,0,45
22401180,61,PT07M58.00S,1,1610612763,MEM,1631246,Williams Jr.,V. Williams Jr.,5,38,4,Made,1,7,11,18,v,Williams Jr. 4' Driving Finger Roll Layup (2 PTS) (Kennard 1 AST),Made Shot,Driving Finger Roll Layup Shot,1,2,46
22401180,63,PT07M53.00S,1,1610612743,DEN,203932,Gordon,A. Gordon,7,1,1,Made,1,9,11,20,h,Gordon 1' Alley Oop Dunk (6 PTS) (Murray 1 AST),Made Shot,Alley Oop Dunk Shot,1,2,47
22401180,65,PT07M41.00S,1,1610612763,MEM,1630583,Aldama,S. Aldama,-188,167,25,Missed,1,9,11,20,v,MISS Aldama 25' 3PT Jump Shot,Missed Shot,Jump Shot,1,3,48
22401180,66,PT07M38.00S,1,1610612743,DEN,1629008,Porter Jr.,M. Porter Jr.,0,0,0,,0,9,11,20,h,Porter Jr. REBOUND (Off:0 Def:3),Rebound,Unknown,1,0,49
22401180,67,PT07M32.00S,1,1610612743,DEN,1629008,Porter Jr.,M. Porter Jr.,-143,113,18,Missed,1,9,11,20,h,MISS Porter Jr. 18' Step Back Jump Shot,Missed Shot,Step Back Jump shot,1,2,50
22401180,68,PT07M28.00S,1,1610612763,MEM,1628379,Kennard,L. Kennard,0,0,0,,0,9,11,20,v,Kennard REBOUND (Off:0 Def:1),Rebound,Unknown,1,0,51
22401180,69,PT07M11.00S,1,1610612763,MEM,1629630,Morant,J. Morant,74,259,27,Made,1,9,14,23,v,Morant 27' 3PT Jump Shot (8 PTS) (Kennard 2 AST),Made Shot,Jump Shot,1,3,52
22401180,71,PT06M52.00S,1,1610612743,DEN,1629008,Porter Jr.,M. Porter Jr.,-185,189,26,Missed,1,9,14,23,h,MISS Porter Jr. 26' 3PT Step Back Jump Shot,Missed Shot,Step Back Jump shot,1,3,53
22401180,72,PT06M50.00S,1,1610612763,MEM,1629630,Morant,J. Morant,0,0,0,,0,9,14,23,v,Morant REBOUND (Off:0 Def:1),Rebound,Unknown,1,0,54
22401180,73,PT06M44.00S,1,1610612763,MEM,1630583,Aldama,S. Aldama,-135,212,25,Made,1,9,17,26,v,Aldama 25' 3PT Jump Shot (3 PTS) (Kennard 3 AST),Made Shot,Jump Shot,1,3,55
22401180,75,PT06M44.00S,1,1610612743,DEN,1631128,Braun,C. Braun,0,0,0,,0,9,17,26,h,Braun S.FOUL (P2.T3) (E.Dalen),Foul,Shooting,1,0,56
22401180,77,PT06M44.00S,1,0,,1610612743,,,0,0,0,,0,9,17,26,h,NUGGETS Timeout: Regular (Full 1 Short 0),Timeout,Regular,0,0,57
22401180,78,PT06M44.00S,1,1610612743,DEN,1631128,Braun,C. Braun,0,0,0,,0,9,17,26,h,SUB: Westbrook FOR Braun,Substitution,,0,0,58
22401180,79,PT06M44.00S,1,1610612743,DEN,1627750,Murray,J. Murray,0,0,0,,0,9,17,26,h,SUB: Watson FOR Murray,Substitution,,0,0,59
22401180,80,PT06M44.00S,1,1610612743,DEN,203932,Gordon,A. Gordon,0,0,0,,0,9,17,26,h,SUB: Pickett FOR Gordon,Substitution,,0,0,60
22401180,84,PT06M44.00S,1,1610612763,MEM,1630583,Aldama,S. Aldama,0,0,0,,0,9,17,26,v,MISS Aldama Free Throw 1 of 1,Free Throw,Free Throw 1 of 1,1,0,61
22401180,85,PT06M40.00S,1,1610612743,DEN,1629008,Porter Jr.,M. Porter Jr.,0,0,0,,0,9,17,26,h,Porter Jr. REBOUND (Off:0 Def:4),Rebound,Unknown,1,0,62
22401180,86,PT06M31.00S,1,1610612743,DEN,1631212,Watson,P. Watson,-153,204,26,Missed,1,9,17,26,h,MISS Watson 26' 3PT Pullup Jump Shot,Missed Shot,Pullup Jump shot,1,3,63
22401180,87,PT06M30.00S,1,1610612743,DEN,1629008,Porter Jr.,M. Porter Jr.,0,0,0,,0,9,17,26,h,Porter Jr. REBOUND (Off:1 Def:4),Rebound,Unknown,1,0,64
22401180,88,PT06M30.00S,1,1610612743,DEN,1629008,Porter Jr.,M. Porter Jr.,0,0,0,Made,1,11,17,28,h,Porter Jr. Tip Layup Shot (2 PTS),Made Shot,Tip Layup Shot,1,2,65
22401180,89,PT06M12.00S,1,1610612763,MEM,1630583,Aldama,S. Aldama,10,131,13,Made,1,11,19,30,v,Aldama 13' Floating Jump Shot (5 PTS) (Kennard 4 AST),Made Shot,Floating Jump shot,1,2,66
22401180,91,PT05M53.00S,1,1610612743,DEN,1631212,Watson,P. Watson,43,29,5,Missed,1,11,19,30,h,MISS Watson 5' Cutting Layup Shot,Missed Shot,Cutting Layup Shot,1,2,67
22401180,92,PT05M52.00S,1,1610612743,DEN,203999,Jokić,N. Jokić,0,0,0,,0,11,19,30,h,Jokic REBOUND (Off:1 Def:3),Rebound,Unknown,1,0,68
22401180,93,PT05M52.00S,1,1610612743,DEN,203999,Jokić,N. Jokić,0,0,0,Missed,1,11,19,30,h,MISS Jokic Tip Layup Shot,Missed Shot,Tip Layup Shot,1,2,69
22401180,94,PT05M52.00S,1,0,,1610612743,,,0,0,0,,0,11,19,30,h,NUGGETS Rebound,Rebound,Unknown,0,0,70
22401180,96,PT05M52.00S,1,1610612763,MEM,1631246,Williams Jr.,V. Williams Jr.,0,0,0,,0,11,19,30,v,SUB: Pippen Jr. FOR Williams Jr.,Substitution,,0,0,71
22401180,98,PT05M47.00S,1,1610612743,DEN,203999,Jokić,N. Jokić,0,0,0,,0,11,19,30,h,Jokic OFF.Foul (P1) (T.Brothers),Foul,Offensive,1,0,72
22401180,100,PT05M47.00S,1,1610612743,DEN,203999,Jokić,N. Jokić,0,0,0,,0,11,19,30,h,Jokic Offensive Foul Turnover (P1.T3),Turnover,Offensive Foul Turnover,1,0,73
22401180,101,PT05M33.00S,1,1610612763,MEM,1641744,Edey,Z. Edey,-4,18,2,Made,1,11,21,32,v,Edey 2' Alley Oop Dunk (3 PTS) (Morant 1 AST),Made Shot,Alley Oop Dunk Shot,1,2,74
22401180,103,PT05M16.00S,1,1610612743,DEN,1631212,Watson,P. Watson,67,245,25,Missed,1,11,21,32,h,MISS Watson 25' 3PT Jump Shot,Missed Shot,Jump Shot,1,3,75
22401180,104,PT05M14.00S,1,1610612763,MEM,1641744,Edey,Z. Edey,0,0,0,,0,11,21,32,v,Edey REBOUND (Off:0 Def:3),Rebound,Unknown,1,0,76
22401180,105,PT05M09.00S,1,1610612763,MEM,1629630,Morant,J. Morant,-10,270,27,Missed,1,11,21,32,v,MISS Morant 27' 3PT Running Jump Shot,Missed Shot,Running Jump Shot,1,3,77
22401180,106,PT05M05.00S,1,1610612743,DEN,201566,Westbrook,R. Westbrook,0,0,0,,0,11,21,32,h,Westbrook REBOUND (Off:0 Def:1),Rebound,Unknown,1,0,78
22401180,107,PT04M57.00S,1,1610612743,DEN,1629618,Pickett,J. Pickett,131,213,25,Missed,1,11,21,32,h,MISS Pickett 25' 3PT Jump Shot,Missed Shot,Jump Shot,1,3,79
22401180,108,PT04M55.00S,1,0,,1610612743,,,0,0,0,,0,11,21,32,h,NUGGETS Rebound,Rebound,Unknown,1,0,80
22401180,109,PT04M55.00S,1,1610612763,MEM,1629630,Morant,J. Morant,0,0,0,,0,11,21,32,v,Morant L.B.FOUL (P1.PN) (E.Scott),Foul,Loose Ball,1,0,81
22401180,111,PT04M55.00S,1,1610612743,DEN,1629008,Porter Jr.,M. Porter Jr.,0,0,0,,0,12,21,33,h,Porter Jr. Free Throw 1 of 2 (3 PTS),Free Throw,Free Throw 1 of 2,1,0,82
22401180,112,PT04M55.00S,1,1610612763,MEM,1641744,Edey,Z. Edey,0,0,0,,0,12,21,33,v,SUB: Jackson Jr. FOR Edey,Substitution,,0,0,83
22401180,114,PT04M55.00S,1,1610612743,DEN,1629008,Porter Jr.,M. Porter Jr.,0,0,0,,0,13,21,34,h,Porter Jr. Free Throw 2 of 2 (4 PTS),Free Throw,Free Throw 2 of 2,1,0,84
22401180,115,PT04M44.00S,1,1610612763,MEM,1628991,Jackson Jr.,J. Jackson Jr.,-27,269,27,Made,1,13,24,37,v,Jackson Jr. 27' 3PT Jump Shot (3 PTS) (Pippen Jr. 1 AST),Made Shot,Jump Shot,1,3,85
22401180,117,PT04M26.00S,1,1610612743,DEN,201566,Westbrook,R. Westbrook,-1,11,1,Made,1,15,24,39,h,Westbrook 1' Driving Finger Roll Layup (2 PTS),Made Shot,Driving Finger Roll Layup Shot,1,2,86
22401180,118,PT04M14.00S,1,1610612763,MEM,1628991,Jackson Jr.,J. Jackson Jr.,-23,12,3,Missed,1,15,24,39,v,MISS Jackson Jr. 3' Cutting Layup Shot,Missed Shot,Cutting Layup Shot,1,2,87
22401180,118,PT04M14.00S,1,1610612743,DEN,1631212,Watson,P. Watson,0,0,0,,0,15,24,39,h,Watson BLOCK (1 BLK),,,1,2,88
22401180,120,PT04M11.00S,1,1610612743,DEN,1631212,Watson,P. Watson,0,0,0,,0,15,24,39,h,Watson REBOUND (Off:0 Def:1),Rebound,Unknown,1,0,89
22401180,121,PT04M08.00S,1,1610612743,DEN,201566,Westbrook,R. Westbrook,-150,204,25,Missed,1,15,24,39,h,MISS Westbrook 25' 3PT Running Jump Shot,Missed Shot,Running Jump Shot,1,3,90
22401180,122,PT04M04.00S,1,1610612743,DEN,1629008,Porter Jr.,M. Porter Jr.,0,0,0,,0,15,24,39,h,Porter Jr. REBOUND (Off:2 Def:4),Rebound,Unknown,1,0,91
22401180,123,PT03M54.00S,1,1610612743,DEN,1631212,Watson,P. Watson,42,68,8,Missed,1,15,24,39,h,MISS Watson 8' Floating Jump Shot,Missed Shot,Floating Jump shot,1,2,92
22401180,124,PT03M51.00S,1,1610612763,MEM,1628379,Kennard,L. Kennard,0,0,0,,0,15,24,39,v,Kennard REBOUND (Off:0 Def:2),Rebound,Unknown,1,0,93
22401180,125,PT03M35.00S,1,1610612763,MEM,1630590,Pippen Jr.,S. Pippen Jr.,102,235,26,Made,1,15,27,42,v,Pippen Jr. 26' 3PT Jump Shot (3 PTS) (Aldama 1 AST),Made Shot,Jump Shot,1,3,94
22401180,127,PT03M22.00S,1,1610612743,DEN,1631212,Watson,P. Watson,7,8,1,Made,1,17,27,44,h,Watson 1' Dunk (2 PTS) (Jokic 1 AST),Made Shot,Dunk Shot,1,2,95
22401180,129,PT02M58.00S,1,1610612763,MEM,1630590,Pippen Jr.,S. Pippen Jr.,4,18,2,Missed,1,17,27,44,v,MISS Pippen Jr. 2' Driving Layup,Missed Shot,Driving Layup Shot,1,2,96
22401180,130,PT02M56.00S,1,1610612743,DEN,203999,Jokić,N. Jokić,0,0,0,,0,17,27,44,h,Jokic REBOUND (Off:1 Def:4),Rebound,Unknown,1,0,97
22401180,131,PT02M54.00S,1,1610612743,DEN,1631212,Watson,P. Watson,11,11,2,Made,1,19,27,46,h,Watson 2' Running Alley Oop Dunk Shot (4 PTS) (Westbrook 1 AST),Made Shot,Running Alley Oop Dunk Shot,1,2,98
22401180,133,PT02M54.00S,1,0,,1610612763,,,0,0,0,,0,19,27,46,v,Grizzlies Timeout: Regular (Reg.1 Short 0),Timeout,Regular,0,0,99
22401180,134,PT02M54.00S,1,1610612743,DEN,1629008,Porter Jr.,M. Porter Jr.,0,0,0,,0,19,27,46,h,SUB: Gordon FOR Porter Jr.,Substitution,,0,0,100
22401180,135,PT02M54.00S,1,1610612763,MEM,1629630,Morant,J. Morant,0,0,0,,0,19,27,46,v,SUB: Konchar FOR Morant,Substitution,,0,0,101
22401180,138,PT02M42.00S,1,1610612763,MEM,1628991,Jackson Jr.,J. Jackson Jr.,-15,267,27,Missed,1,19,27,46,v,MISS Jackson Jr. 27' 3PT Jump Shot,Missed Shot,Jump Shot,1,3,102
22401180,139,PT02M38.00S,1,1610612763,MEM,1629723,Konchar,J. Konchar,0,0,0,,0,19,27,46,v,Konchar REBOUND (Off:1 Def:0),Rebound,Unknown,1,0,103
22401180,140,PT02M37.00S,1,1610612763,MEM,1628379,Kennard,L. Kennard,-124,235,27,Missed,1,19,27,46,v,MISS Kennard 27' 3PT Jump Shot,Missed Shot,Jump Shot,1,3,104
22401180,141,PT02M34.00S,1,1610612743,DEN,201566,Westbrook,R. Westbrook,0,0,0,,0,19,27,46,h,Westbrook REBOUND (Off:0 Def:2),Rebound,Unknown,1,0,105
22401180,142,PT02M15.00S,1,1610612743,DEN,203999,Jokić,N. Jokić,5,78,8,Missed,1,19,27,46,h,MISS Jokic 8' Fadeaway Jumper,Missed Shot,Fadeaway Jump Shot,1,2,106
22401180,143,PT02M12.00S,1,1610612763,MEM,1629723,Konchar,J. Konchar,0,0,0,,0,19,27,46,v,Konchar REBOUND (Off:1 Def:1),Rebound,Unknown,1,0,107
22401180,144,PT01M53.00S,1,1610612763,MEM,1628991,Jackson Jr.,J. Jackson Jr.,147,231,27,Missed,1,19,27,46,v,MISS Jackson Jr. 27' 3PT Jump Shot,Missed Shot,Jump Shot,1,3,108
22401180,145,PT01M50.00S,1,1610612743,DEN,1629618,Pickett,J. Pickett,0,0,0,,0,19,27,46,h,Pickett REBOUND (Off:0 Def:1),Rebound,Unknown,1,0,109
22401180,146,PT01M39.00S,1,1610612743,DEN,203999,Jokić,N. Jokić,0,0,0,,0,19,27,46,h,Jokic Bad Pass Turnover (P2.T4),Turnover,Bad Pass,1,0,110
22401180,146,PT01M39.00S,1,1610612763,MEM,1630583,Aldama,S. Aldama,0,0,0,,0,19,27,46,v,Aldama STEAL (1 STL),,,1,0,111
22401180,148,PT01M34.00S,1,1610612763,MEM,1629723,Konchar,J. Konchar,-13,15,2,Made,1,19,29,48,v,Konchar 2' Running Finger Roll Layup (2 PTS) (Aldama 2 AST),Made Shot,Running Finger Roll Layup Shot,1,2,112
22401180,150,PT01M15.00S,1,1610612743,DEN,203932,Gordon,A. Gordon,235,37,24,Made,1,22,29,51,h,Gordon 24' 3PT Jump Shot (9 PTS) (Pickett 1 AST),Made Shot,Jump Shot,1,3,113
22401180,152,PT01M03.00S,1,1610612763,MEM,1628379,Kennard,L. Kennard,75,242,25,Made,1,22,32,54,v,Kennard 25' 3PT Step Back Jump Shot (3 PTS) (Pippen Jr. 2 AST),Made Shot,Step Back Jump shot,1,3,114
22401180,153,PT00M51.40S,1,1610612763,MEM,1628379,Kennard,L. Kennard,0,0,0,,0,22,32,54,v,Kennard S.FOUL (P1.PN) (T.Brothers),Foul,Shooting,1,0,115
22401180,156,PT00M51.40S,1,1610612743,DEN,1631212,Watson,P. Watson,0,0,0,,0,23,32,55,h,Watson Free Throw 1 of 2 (5 PTS),Free Throw,Free Throw 1 of 2,1,0,116
22401180,157,PT00M51.40S,1,1610612763,MEM,1628379,Kennard,L. Kennard,0,0,0,,0,23,32,55,v,SUB: Bane FOR Kennard,Substitution,,0,0,117
22401180,159,PT00M51.40S,1,1610612743,DEN,1631212,Watson,P. Watson,0,0,0,,0,24,32,56,h,Watson Free Throw 2 of 2 (6 PTS),Free Throw,Free Throw 2 of 2,0,0,118
22401180,160,PT00M35.50S,1,1610612763,MEM,1630217,Bane,D. Bane,0,0,0,,0,24,32,56,v,Bane Bad Pass Turnover (P1.T1),Turnover,Bad Pass,1,0,119
22401180,160,PT00M35.50S,1,1610612743,DEN,1629618,Pickett,J. Pickett,0,0,0,,0,24,32,56,h,Pickett STEAL (1 STL),,,1,0,120
22401180,162,PT00M33.80S,1,1610612743,DEN,1631212,Watson,P. Watson,-9,9,1,Made,1,26,32,58,h,Watson 1' Running Dunk (8 PTS) (Pickett 2 AST),Made Shot,Running Dunk Shot,1,2,121
22401180,165,PT00M12.40S,1,1610612763,MEM,1630217,Bane,D. Bane,45,67,8,Made,1,26,34,60,v,Bane 8' Driving Floating Jump Shot (5 PTS),Made Shot,Driving Floating Jump Shot,1,2,122
22401180,166,PT00M12.40S,1,1610612743,DEN,1631212,Watson,P. Watson,0,0,0,,0,26,34,60,h,Watson S.FOUL (P1.T4) (T.Brothers),Foul,Shooting,1,0,123
22401180,168,PT00M12.40S,1,1610612743,DEN,1631212,Watson,P. Watson,0,0,0,,0,26,34,60,h,SUB: Porter Jr. FOR Watson,Substitution,,0,0,124
22401180,169,PT00M12.40S,1,1610612763,MEM,1628991,Jackson Jr.,J. Jackson Jr.,0,0,0,,0,26,34,60,v,SUB: Stevens FOR Jackson Jr.,Substitution,,0,0,125
22401180,172,PT00M12.40S,1,1610612763,MEM,1630217,Bane,D. Bane,0,0,0,,0,26,35,61,v,Bane Free Throw 1 of 1 (6 PTS),Free Throw,Free Throw 1 of 1,1,0,126
22401180,173,PT00M03.40S,1,1610612743,DEN,201566,Westbrook,R. Westbrook,4,16,2,Made,1,28,35,63,h,Westbrook 2' Driving Finger Roll Layup (4 PTS),Made Shot,Driving Finger Roll Layup Shot,1,2,127
22401180,174,PT00M00.30S,1,1610612763,MEM,1630205,Stevens,L. Stevens,190,349,40,Missed,1,28,35,63,v,MISS Stevens 40' 3PT Pullup Jump Shot,Missed Shot,Pullup Jump shot,1,3,128
22401180,174,PT00M00.30S,1,1610612743,DEN,203932,Gordon,A. Gordon,0,0,0,,0,28,35,63,h,Gordon BLOCK (1 BLK),,,1,3,129
22401180,175,PT00M00.30S,1,0,,1610612763,,,0,0,0,,0,28,35,63,v,Grizzlies Rebound,Rebound,Unknown,1,0,130
22401180,176,PT00M00.00S,1,0,,0,,,0,0,0,,0,28,35,63,,End of 1st Period (9:38 PM EST),period,end,1,0,131
22401180,185,PT12M00.00S,2,0,,0,,,0,0,0,,0,28,35,63,,Start of 2nd Period (9:41 PM EST),period,start,0,0,132
22401180,189,PT11M36.00S,2,1610612743,DEN,1627750,Murray,J. Murray,-65,113,13,Made,1,30,35,65,h,Murray 13' Fadeaway Jumper (5 PTS),Made Shot,Fadeaway Jump Shot,1,2,133
22401180,190,PT11M36.00S,2,1610612763,MEM,1630590,Pippen Jr.,S. Pippen Jr.,0,0,0,,0,30,35,65,v,Pippen Jr. S.FOUL (P1.T1) (E.Dalen),Foul,Shooting,1,0,134
22401180,192,PT11M36.00S,2,1610612743,DEN,1627750,Murray,J. Murray,0,0,0,,0,31,35,66,h,Murray Free Throw 1 of 1 (6 PTS),Free Throw,Free Throw 1 of 1,1,0,135
22401180,193,PT11M12.00S,2,1610612763,MEM,1630590,Pippen Jr.,S. Pippen Jr.,2,195,20,Missed,1,31,35,66,v,MISS Pippen Jr. 20' Pullup Jump Shot,Missed Shot,Pullup Jump shot,1,2,136
22401180,194,PT11M09.00S,2,1610612763,MEM,1630217,Bane,D. Bane,0,0,0,,0,31,35,66,v,Bane REBOUND (Off:1 Def:0),Rebound,Unknown,1,0,137
22401180,195,PT11M08.00S,2,1610612763,MEM,1630590,Pippen Jr.,S. Pippen Jr.,-11,268,27,Missed,1,31,35,66,v,MISS Pippen Jr. 27' 3PT Jump Shot,Missed Shot,Jump Shot,1,3,138
22401180,196,PT11M05.00S,2,1610612763,MEM,1641744,Edey,Z. Edey,0,0,0,,0,31,35,66,v,Edey REBOUND (Off:1 Def:3),Rebound,Unknown,1,0,139
22401180,197,PT11M02.00S,2,1610612763,MEM,1628991,Jackson Jr.,J. Jackson Jr.,127,231,26,Missed,1,31,35,66,v,MISS Jackson Jr. 26' 3PT Jump Shot,Missed Shot,Jump Shot,1,3,140
22401180,198,PT10M58.00S,2,1610612743,DEN,201599,Jordan,D. Jordan,0,0,0,,0,31,35,66,h,Jordan REBOUND (Off:0 Def:1),Rebound,Unknown,1,0,141
22401180,199,PT10M47.00S,2,1610612743,DEN,1627750,Murray,J. Murray,-40,243,25,Missed,1,31,35,66,h,MISS Murray 25' 3PT Jump Shot,Missed Shot,Jump Shot,1,3,142
22401180,200,PT10M44.00S,2,1610612763,MEM,1629723,Konchar,J. Konchar,0,0,0,,0,31,35,66,v,Konchar REBOUND (Off:1 Def:2),Rebound,Unknown,1,0,143
22401180,201,PT10M40.00S,2,1610612763,MEM,1630217,Bane,D. Bane,55,272,28,Missed,1,31,35,66,v,MISS Bane 28' 3PT Running Pull-Up Jump Shot,Missed Shot,Running Pull-Up Jump Shot,1,3,144
22401180,202,PT10M35.00S,2,1610612743,DEN,1629008,Porter Jr.,M. Porter Jr.,0,0,0,,0,31,35,66,h,Porter Jr. REBOUND (Off:2 Def:5),Rebound,Unknown,1,0,145
22401180,220,PT10M26.00S,2,1610612743,DEN,201566,Westbrook,R. Westbrook,0,0,0,,0,31,35,66,h,Westbrook Bad Pass Turnover (P1.T5),Turnover,Bad Pass,1,0,146
22401180,220,PT10M26.00S,2,1610612763,MEM,1629723,Konchar,J. Konchar,0,0,0,,0,31,35,66,v,Konchar STEAL (1 STL),,,1,0,147
22401180,206,PT10M25.00S,2,1610612743,DEN,201599,Jordan,D. Jordan,0,0,0,,0,31,35,66,h,Jordan P.FOUL (P1.T1) (T.Brothers),Foul,Personal,1,0,148
22401180,208,PT10M16.00S,2,1610612743,DEN,203932,Gordon,A. Gordon,0,0,0,,0,31,35,66,h,Gordon S.FOUL (P1.T2) (E.Scott),Foul,Shooting,1,0,149
22401180,210,PT10M16.00S,2,1610612763,MEM,1630590,Pippen Jr.,S. Pippen Jr.,0,0,0,,0,31,36,67,v,Pippen Jr. Free Throw 1 of 2 (4 PTS),Free Throw,Free Throw 1 of 2,1,0,150
22401180,211,PT10M16.00S,2,1610612763,MEM,1630590,Pippen Jr.,S. Pippen Jr.,0,0,0,,0,31,37,68,v,Pippen Jr. Free Throw 2 of 2 (5 PTS),Free Throw,Free Throw 2 of 2,1,0,151
22401180,212,PT10M06.00S,2,1610612743,DEN,201566,Westbrook,R. Westbrook,0,0,0,,0,31,37,68,h,Westbrook Out of Bounds - Bad Pass Turnover Turnover (P2.T6),Turnover,Out of Bounds - Bad Pass Turnover,1,0,152
22401180,213,PT09M46.00S,2,1610612763,MEM,1630217,Bane,D. Bane,-228,39,0,Missed,1,31,37,68,v,MISS Bane 3PT Jump Shot,Missed Shot,Jump Shot,1,3,153
22401180,214,PT09M44.00S,2,1610612743,DEN,1629008,Porter Jr.,M. Porter Jr.,0,0,0,,0,31,37,68,h,Porter Jr. REBOUND (Off:2 Def:6),Rebound,Unknown,1,0,154
22401180,215,PT09M30.00S,2,1610612743,DEN,1627750,Murray,J. Murray,-127,219,25,Missed,1,31,37,68,h,MISS Murray 25' 3PT Jump Shot,Missed Shot,Jump Shot,1,3,155
22401180,216,PT09M27.00S,2,1610612763,MEM,1630217,Bane,D. Bane,0,0,0,,0,31,37,68,v,Bane REBOUND (Off:1 Def:1),Rebound,Unknown,1,0,156
22401180,217,PT09M19.00S,2,1610612763,MEM,1629723,Konchar,J. Konchar,110,227,25,Made,1,31,40,71,v,Konchar 25' 3PT Jump Shot (5 PTS) (Edey 1 AST),Made Shot,Jump Shot,1,3,157
22401180,219,PT09M18.00S,2,0,,1610612743,,,0,0,0,,0,31,40,71,h,NUGGETS Timeout: Regular (Full 2 Short 0),Timeout,Regular,0,0,158
22401180,222,PT09M18.00S,2,1610612743,DEN,201566,Westbrook,R. Westbrook,0,0,0,,0,31,40,71,h,SUB: Braun FOR Westbrook,Substitution,,0,0,159
22401180,224,PT09M05.00S,2,1610612743,DEN,201599,Jordan,D. Jordan,17,6,2,Made,1,33,40,73,h,Jordan 2' Alley Oop Dunk (2 PTS) (Murray 2 AST),Made Shot,Alley Oop Dunk Shot,1,2,160
22401180,226,PT08M49.00S,2,1610612763,MEM,1641744,Edey,Z. Edey,0,0,0,,0,33,40,73,v,Edey Step Out of Bounds Turnover (P1.T2),Turnover,Step Out of Bounds Turnover,1,0,161
22401180,227,PT08M34.00S,2,1610612743,DEN,1627750,Murray,J. Murray,0,15,2,Missed,1,33,40,73,h,MISS Murray 2' Driving Finger Roll Layup,Missed Shot,Driving Finger Roll Layup Shot,1,2,162
22401180,228,PT08M32.00S,2,1610612763,MEM,1630217,Bane,D. Bane,0,0,0,,0,33,40,73,v,Bane REBOUND (Off:1 Def:2),Rebound,Unknown,1,0,163
22401180,229,PT08M25.00S,2,1610612763,MEM,1628991,Jackson Jr.,J. Jackson Jr.,-5,64,6,Made,1,33,42,75,v,Jackson Jr. 6' Driving Floating Jump Shot (5 PTS) (Bane 1 AST),Made Shot,Driving Floating Jump Shot,1,2,164
22401180,231,PT08M12.00S,2,1610612763,MEM,1641744,Edey,Z. Edey,0,0,0,,0,33,42,75,v,Edey S.FOUL (P2.T2) (E.Scott),Foul,Shooting,1,0,165
22401180,233,PT08M12.00S,2,1610612743,DEN,1629008,Porter Jr.,M. Porter Jr.,0,0,0,,0,34,42,76,h,Porter Jr. Free Throw 1 of 2 (5 PTS),Free Throw,Free Throw 1 of 2,1,0,166
22401180,234,PT08M12.00S,2,1610612763,MEM,1628991,Jackson Jr.,J. Jackson Jr.,0,0,0,,0,34,42,76,v,SUB: Aldama FOR Jackson Jr.,Substitution,,0,0,167
22401180,235,PT08M12.00S,2,1610612763,MEM,1629723,Konchar,J. Konchar,0,0,0,,0,34,42,76,v,SUB: Morant FOR Konchar,Substitution,,0,0,168
22401180,238,PT08M12.00S,2,1610612743,DEN,1629008,Porter Jr.,M. Porter Jr.,0,0,0,,0,34,42,76,h,MISS Porter Jr. Free Throw 2 of 2,Free Throw,Free Throw 2 of 2,0,0,169
22401180,239,PT08M08.00S,2,1610612743,DEN,1629008,Porter Jr.,M. Porter Jr.,0,0,0,,0,34,42,76,h,Porter Jr. REBOUND (Off:3 Def:6),Rebound,Unknown,0,0,170
22401180,240,PT08M07.00S,2,1610612743,DEN,1629008,Porter Jr.,M. Porter Jr.,-13,43,4,Missed,1,34,42,76,h,MISS Porter Jr. 4' Driving Floating Jump Shot,Missed Shot,Driving Floating Jump Shot,1,2,171
22401180,241,PT08M05.00S,2,1610612763,MEM,1641744,Edey,Z. Edey,0,0,0,,0,34,42,76,v,Edey REBOUND (Off:1 Def:4),Rebound,Unknown,1,0,172
22401180,242,PT08M00.00S,2,1610612763,MEM,1629630,Morant,J. Morant,-7,80,8,Made,1,34,44,78,v,Morant 8' Driving Floating Jump Shot (10 PTS),Made Shot,Driving Floating Jump Shot,1,2,173
22401180,243,PT07M42.00S,2,1610612743,DEN,1629008,Porter Jr.,M. Porter Jr.,-29,252,25,Missed,1,34,44,78,h,MISS Porter Jr. 25' 3PT Jump Shot,Missed Shot,Jump Shot,1,3,174
22401180,244,PT07M39.00S,2,1610612763,MEM,1641744,Edey,Z. Edey,0,0,0,,0,34,44,78,v,Edey REBOUND (Off:1 Def:5),Rebound,Unknown,1,0,175
22401180,245,PT07M32.00S,2,1610612763,MEM,1629630,Morant,J. Morant,0,0,0,,0,34,44,78,v,Morant Lost Ball Turnover (P1.T3),Turnover,Lost Ball,1,0,176
22401180,245,PT07M32.00S,2,1610612743,DEN,201599,Jordan,D. Jordan,0,0,0,,0,34,44,78,h,Jordan STEAL (1 STL),,,1,0,177
22401180,248,PT07M29.00S,2,1610612743,DEN,201599,Jordan,D. Jordan,0,0,0,,0,34,44,78,h,SUB: Jokic FOR Jordan,Substitution,,0,0,178
22401180,250,PT07M29.00S,2,1610612743,DEN,1627750,Murray,J. Murray,0,0,0,,0,34,44,78,h,SUB: Pickett FOR Murray,Substitution,,0,0,179
22401180,252,PT07M18.00S,2,1610612743,DEN,203932,Gordon,A. Gordon,7,19,2,Made,1,36,44,80,h,Gordon 2' Cutting Layup Shot (11 PTS) (Jokic 2 AST),Made Shot,Cutting Layup Shot,1,2,180
22401180,254,PT07M08.00S,2,1610612763,MEM,1630217,Bane,D. Bane,-88,269,28,Made,1,36,47,83,v,Bane 28' 3PT Jump Shot (9 PTS) (Aldama 3 AST),Made Shot,Jump Shot,1,3,181
22401180,256,PT06M48.00S,2,1610612743,DEN,1631128,Braun,C. Braun,-185,187,26,Missed,1,36,47,83,h,MISS Braun 26' 3PT Jump Shot,Missed Shot,Jump Shot,1,3,182
22401180,257,PT06M44.00S,2,1610612743,DEN,1629618,Pickett,J. Pickett,0,0,0,,0,36,47,83,h,Pickett REBOUND (Off:1 Def:1),Rebound,Unknown,1,0,183
22401180,258,PT06M43.00S,2,1610612743,DEN,1631128,Braun,C. Braun,-196,151,25,Missed,1,36,47,83,h,MISS Braun 25' 3PT Jump Shot,Missed Shot,Jump Shot,1,3,184
22401180,259,PT06M37.00S,2,1610612763,MEM,1641744,Edey,Z. Edey,0,0,0,,0,36,47,83,v,Edey REBOUND (Off:1 Def:6),Rebound,Unknown,1,0,185
22401180,260,PT06M31.00S,2,1610612763,MEM,1630590,Pippen Jr.,S. Pippen Jr.,-13,265,27,Missed,1,36,47,83,v,MISS Pippen Jr. 27' 3PT Jump Shot,Missed Shot,Jump Shot,1,3,186
22401180,261,PT06M27.00S,2,1610612743,DEN,203999,Jokić,N. Jokić,0,0,0,,0,36,47,83,h,Jokic REBOUND (Off:1 Def:5),Rebound,Unknown,1,0,187
22401180,262,PT06M24.00S,2,1610612763,MEM,1630590,Pippen Jr.,S. Pippen Jr.,0,0,0,,0,36,47,83,v,Pippen Jr. S.FOUL (P2.T3) (T.Brothers),Foul,Shooting,1,0,188
22401180,264,PT06M24.00S,2,1610612743,DEN,1631128,Braun,C. Braun,0,0,0,,0,37,47,84,h,Braun Free Throw 1 of 2 (1 PTS),Free Throw,Free Throw 1 of 2,1,0,189
22401180,266,PT06M24.00S,2,1610612743,DEN,1629008,Porter Jr.,M. Porter Jr.,0,0,0,,0,37,47,84,h,SUB: Watson FOR Porter Jr.,Substitution,,0,0,190
22401180,267,PT06M24.00S,2,1610612763,MEM,1630590,Pippen Jr.,S. Pippen Jr.,0,0,0,,0,37,47,84,v,SUB: Kennard FOR Pippen Jr.,Substitution,,0,0,191
22401180,270,PT06M24.00S,2,1610612743,DEN,1631128,Braun,C. Braun,0,0,0,,0,38,47,85,h,Braun Free Throw 2 of 2 (2 PTS),Free Throw,Free Throw 2 of 2,1,0,192
22401180,271,PT06M07.00S,2,1610612763,MEM,1630583,Aldama,S. Aldama,0,0,0,,0,38,47,85,v,Aldama Bad Pass Turnover (P1.T4),Turnover,Bad Pass,1,0,193
22401180,271,PT06M07.00S,2,1610612743,DEN,1631128,Braun,C. Braun,0,0,0,,0,38,47,85,h,Braun STEAL (1 STL),,,1,0,194
22401180,273,PT06M04.00S,2,1610612743,DEN,1631128,Braun,C. Braun,9,-16,2,Made,1,40,47,87,h,Braun 2' Running Dunk (4 PTS),Made Shot,Running Dunk Shot,1,2,195
22401180,274,PT05M58.00S,2,1610612763,MEM,1630583,Aldama,S. Aldama,-179,196,27,Made,1,40,50,90,v,Aldama 27' 3PT Jump Shot (8 PTS) (Morant 2 AST),Made Shot,Jump Shot,1,3,196
22401180,276,PT05M43.00S,2,1610612743,DEN,1631128,Braun,C. Braun,20,45,5,Missed,1,40,50,90,h,MISS Braun 5' Driving Layup,Missed Shot,Driving Layup Shot,1,2,197
22401180,277,PT05M41.00S,2,1610612763,MEM,1630583,Aldama,S. Aldama,0,0,0,,0,40,50,90,v,Aldama REBOUND (Off:0 Def:1),Rebound,Unknown,1,0,198
22401180,278,PT05M38.00S,2,1610612763,MEM,1629630,Morant,J. Morant,0,0,0,,0,40,50,90,v,Morant Bad Pass Turnover (P2.T5),Turnover,Bad Pass,1,0,199
22401180,278,PT05M38.00S,2,1610612743,DEN,1629618,Pickett,J. Pickett,0,0,0,,0,40,50,90,h,Pickett STEAL (2 STL),,,1,0,200
22401180,280,PT05M25.00S,2,1610612743,DEN,203999,Jokić,N. Jokić,85,77,11,Missed,1,40,50,90,h,MISS Jokic 11' Turnaround Hook Shot,Missed Shot,Turnaround Hook Shot,1,2,201
22401180,281,PT05M22.00S,2,1610612763,MEM,1641744,Edey,Z. Edey,0,0,0,,0,40,50,90,v,Edey REBOUND (Off:1 Def:7),Rebound,Unknown,1,0,202
22401180,282,PT05M17.00S,2,1610612763,MEM,1630217,Bane,D. Bane,74,258,27,Made,1,40,53,93,v,Bane 27' 3PT Step Back Jump Shot (12 PTS),Made Shot,Step Back Jump shot,1,3,203
22401180,283,PT05M16.00S,2,0,,1610612743,,,0,0,0,,0,40,53,93,h,NUGGETS Timeout: Regular (Full 3 Short 0),Timeout,Regular,0,0,204
22401180,284,PT05M16.00S,2,1610612763,MEM,1641744,Edey,Z. Edey,0,0,0,,0,40,53,93,v,SUB: Williams Jr. FOR Edey,Substitution,,0,0,205
22401180,285,PT05M16.00S,2,1610612763,MEM,1630217,Bane,D. Bane,0,0,0,,0,40,53,93,v,SUB: Jackson Jr. FOR Bane,Substitution,,0,0,206
22401180,288,PT05M05.00S,2,1610612743,DEN,203932,Gordon,A. Gordon,18,-10,2,Missed,1,40,53,93,h,MISS Gordon 2' Layup,Missed Shot,Layup Shot,1,2,207
22401180,288,PT05M05.00S,2,1610612763,MEM,1631246,Williams Jr.,V. Williams Jr.,0,0,0,,0,40,53,93,v,Williams Jr. BLOCK (1 BLK),,,1,2,208
22401180,290,PT05M01.00S,2,1610612763,MEM,1631246,Williams Jr.,V. Williams Jr.,0,0,0,,0,40,53,93,v,Williams Jr. REBOUND (Off:0 Def:2),Rebound,Unknown,1,0,209
22401180,291,PT04M51.00S,2,1610612763,MEM,1628991,Jackson Jr.,J. Jackson Jr.,32,107,11,Made,1,40,55,95,v,Jackson Jr. 11' Floating Jump Shot (7 PTS) (Morant 3 AST),Made Shot,Floating Jump shot,1,2,210
22401180,293,PT04M30.00S,2,1610612743,DEN,1629618,Pickett,J. Pickett,-246,37,25,Missed,1,40,55,95,h,MISS Pickett 25' 3PT Jump Shot,Missed Shot,Jump Shot,1,3,211
22401180,294,PT04M29.00S,2,1610612763,MEM,1628379,Kennard,L. Kennard,0,0,0,,0,40,55,95,v,Kennard REBOUND (Off:0 Def:3),Rebound,Unknown,1,0,212
22401180,296,PT04M21.00S,2,1610612743,DEN,1629618,Pickett,J. Pickett,0,0,0,,0,40,55,95,h,SUB: Murray FOR Pickett,Substitution,,0,0,213
22401180,298,PT04M12.00S,2,1610612763,MEM,1631246,Williams Jr.,V. Williams Jr.,77,249,26,Missed,1,40,55,95,v,MISS Williams Jr. 26' 3PT Jump Shot,Missed Shot,Jump Shot,1,3,214
22401180,299,PT04M10.00S,2,0,,1610612743,,,0,0,0,,0,40,55,95,h,NUGGETS Rebound,Rebound,Unknown,0,0,215
22401180,300,PT04M10.00S,2,1610612763,MEM,1628379,Kennard,L. Kennard,0,0,0,,0,40,55,95,v,Kennard L.B.FOUL (P2.T4) (E.Scott),Foul,Loose Ball,1,0,216
22401180,303,PT04M01.00S,2,1610612743,DEN,203999,Jokić,N. Jokić,9,34,4,Made,1,42,55,97,h,Jokic 4' Turnaround Hook Shot (2 PTS) (Murray 3 AST),Made Shot,Turnaround Hook Shot,1,2,217
22401180,305,PT03M48.00S,2,1610612763,MEM,1629630,Morant,J. Morant,65,91,11,Made,1,42,57,99,v,Morant 11' Driving Floating Jump Shot (12 PTS),Made Shot,Driving Floating Jump Shot,1,2,218
22401180,306,PT03M35.00S,2,1610612743,DEN,1627750,Murray,J. Murray,0,0,0,,0,42,57,99,h,Murray Lost Ball Turnover (P2.T7),Turnover,Lost Ball,1,0,219
22401180,306,PT03M35.00S,2,1610612763,MEM,1631246,Williams Jr.,V. Williams Jr.,0,0,0,,0,42,57,99,v,Williams Jr. STEAL (1 STL),,,1,0,220
22401180,308,PT03M31.00S,2,1610612763,MEM,1631246,Williams Jr.,V. Williams Jr.,0,0,0,,0,42,57,99,v,Williams Jr. Bad Pass Turnover (P1.T6),Turnover,Bad Pass,1,0,221
22401180,308,PT03M31.00S,2,1610612743,DEN,203999,Jokić,N. Jokić,0,0,0,,0,42,57,99,h,Jokic STEAL (1 STL),,,1,0,222
22401180,310,PT03M25.00S,2,1610612743,DEN,1631128,Braun,C. Braun,1,20,2,Made,1,44,57,101,h,Braun 2' Running Dunk (6 PTS) (Jokic 3 AST),Made Shot,Running Dunk Shot,1,2,223
22401180,312,PT03M10.00S,2,1610612763,MEM,1631246,Williams Jr.,V. Williams Jr.,-138,221,26,Missed,1,44,57,101,v,MISS Williams Jr. 26' 3PT Jump Shot,Missed Shot,Jump Shot,1,3,224
22401180,313,PT03M08.00S,2,1610612743,DEN,1631212,Watson,P. Watson,0,0,0,,0,44,57,101,h,Watson REBOUND (Off:0 Def:2),Rebound,Unknown,1,0,225
22401180,314,PT03M03.00S,2,1610612743,DEN,203999,Jokić,N. Jokić,23,0,2,Made,1,46,57,103,h,Jokic 2' Running Layup (4 PTS) (Watson 1 AST),Made Shot,Running Layup Shot,1,2,226
22401180,316,PT03M03.00S,2,0,,1610612763,,,0,0,0,,0,46,57,103,v,Grizzlies Timeout: Regular (Reg.2 Short 0),Timeout,Regular,0,0,227
22401180,317,PT03M03.00S,2,1610612763,MEM,1631246,Williams Jr.,V. Williams Jr.,0,0,0,,0,46,57,103,v,SUB: Edey FOR Williams Jr.,Substitution,,0,0,228
22401180,318,PT03M03.00S,2,1610612763,MEM,1630583,Aldama,S. Aldama,0,0,0,,0,46,57,103,v,SUB: Pippen Jr. FOR Aldama,Substitution,,0,0,229
22401180,319,PT03M03.00S,2,1610612763,MEM,1628379,Kennard,L. Kennard,0,0,0,,0,46,57,103,v,SUB: Bane FOR Kennard,Substitution,,0,0,230
22401180,323,PT02M48.00S,2,1610612763,MEM,1629630,Morant,J. Morant,-2,125,13,Missed,1,46,57,103,v,MISS Morant 13' Turnaround Fadeaway Shot,Missed Shot,Turnaround Fadeaway shot,1,2,231
22401180,324,PT02M45.00S,2,1610612743,DEN,203999,Jokić,N. Jokić,0,0,0,,0,46,57,103,h,Jokic REBOUND (Off:1 Def:6),Rebound,Unknown,1,0,232
22401180,325,PT02M27.00S,2,1610612743,DEN,203932,Gordon,A. Gordon,-104,55,12,Made,1,48,57,105,h,Gordon 12' Turnaround Fadeaway Bank Jump Shot (13 PTS) (Braun 1 AST),Made Shot,Turnaround Fadeaway Bank Jump Shot,1,2,233
22401180,327,PT02M06.00S,2,1610612763,MEM,1630590,Pippen Jr.,S. Pippen Jr.,-47,100,11,Missed,1,48,57,105,v,MISS Pippen Jr. 11' Driving Floating Jump Shot,Missed Shot,Driving Floating Jump Shot,1,2,234
22401180,328,PT02M04.00S,2,1610612743,DEN,1627750,Murray,J. Murray,0,0,0,,0,48,57,105,h,Murray REBOUND (Off:0 Def:2),Rebound,Unknown,1,0,235
22401180,329,PT01M54.00S,2,1610612743,DEN,203999,Jokić,N. Jokić,36,53,6,Made,1,50,57,107,h,Jokic 6' Driving Floating Jump Shot (6 PTS) (Murray 4 AST),Made Shot,Driving Floating Jump Shot,1,2,236
22401180,331,PT01M54.00S,2,1610612763,MEM,1630590,Pippen Jr.,S. Pippen Jr.,0,0,0,,0,50,57,107,v,Pippen Jr. S.FOUL (P3.PN) (E.Dalen),Foul,Shooting,1,0,237
22401180,333,PT01M54.00S,2,1610612743,DEN,203999,Jokić,N. Jokić,0,0,0,,0,51,57,108,h,Jokic Free Throw 1 of 1 (7 PTS),Free Throw,Free Throw 1 of 1,1,0,238
22401180,334,PT01M38.00S,2,1610612763,MEM,1628991,Jackson Jr.,J. Jackson Jr.,248,28,25,Missed,1,51,57,108,v,MISS Jackson Jr. 25' 3PT Jump Shot,Missed Shot,Jump Shot,1,3,239
22401180,335,PT01M33.00S,2,1610612743,DEN,1631212,Watson,P. Watson,0,0,0,,0,51,57,108,h,Watson REBOUND (Off:0 Def:3),Rebound,Unknown,1,0,240
22401180,336,PT01M30.00S,2,1610612743,DEN,203932,Gordon,A. Gordon,-162,190,25,Missed,1,51,57,108,h,MISS Gordon 25' 3PT Running Jump Shot,Missed Shot,Running Jump Shot,1,3,241
22401180,337,PT01M27.00S,2,1610612763,MEM,1641744,Edey,Z. Edey,0,0,0,,0,51,57,108,v,Edey REBOUND (Off:1 Def:8),Rebound,Unknown,1,0,242
22401180,338,PT01M11.00S,2,1610612763,MEM,1630217,Bane,D. Bane,-222,2,0,Missed,1,51,57,108,v,MISS Bane 3PT Jump Shot,Missed Shot,Jump Shot,1,3,243
22401180,339,PT01M06.00S,2,1610612763,MEM,1641744,Edey,Z. Edey,0,0,0,,0,51,57,108,v,Edey REBOUND (Off:2 Def:8),Rebound,Unknown,1,0,244
22401180,340,PT00M59.50S,2,1610612763,MEM,1630217,Bane,D. Bane,137,-4,14,Made,1,51,59,110,v,Bane 14' Pullup Jump Shot (14 PTS) (Jackson Jr. 1 AST),Made Shot,Pullup Jump shot,1,2,245
22401180,341,PT00M52.40S,2,1610612743,DEN,1631128,Braun,C. Braun,6,24,2,Made,1,53,59,112,h,Braun 2' Driving Layup (8 PTS) (Jokic 4 AST),Made Shot,Driving Layup Shot,1,2,246
22401180,342,PT00M35.60S,2,1610612763,MEM,1630217,Bane,D. Bane,-89,289,30,Missed,1,53,59,112,v,MISS Bane 30' 3PT Pullup Jump Shot,Missed Shot,Pullup Jump shot,1,3,247
22401180,343,PT00M33.00S,2,1610612763,MEM,1629630,Morant,J. Morant,0,0,0,,0,53,59,112,v,Morant REBOUND (Off:1 Def:1),Rebound,Unknown,1,0,248
22401180,344,PT00M28.50S,2,1610612763,MEM,1629630,Morant,J. Morant,0,0,0,,0,53,59,112,v,Morant Bad Pass Turnover (P3.T7),Turnover,Bad Pass,1,0,249
22401180,344,PT00M28.50S,2,1610612743,DEN,203999,Jokić,N. Jokić,0,0,0,,0,53,59,112,h,Jokic STEAL (2 STL),,,1,0,250
22401180,346,PT00M24.10S,2,1610612743,DEN,1631212,Watson,P. Watson,-13,4,1,Missed,1,53,59,112,h,MISS Watson 1' Running Dunk,Missed Shot,Running Dunk Shot,1,2,251
22401180,347,PT00M21.10S,2,1610612763,MEM,1628991,Jackson Jr.,J. Jackson Jr.,0,0,0,,0,53,59,112,v,Jackson Jr. REBOUND (Off:0 Def:1),Rebound,Unknown,1,0,252
22401180,348,PT00M04.80S,2,1610612743,DEN,203932,Gordon,A. Gordon,0,0,0,,0,53,59,112,h,Gordon Personal Take Foul (P2.T3) (E.Scott),Foul,Personal Take,1,0,253
22401180,350,PT00M04.80S,2,1610612743,DEN,1631128,Braun,C. Braun,0,0,0,,0,53,59,112,h,SUB: Westbrook FOR Braun,Substitution,,0,0,254
22401180,352,PT00M00.20S,2,1610612763,MEM,1629630,Morant,J. Morant,-65,279,29,Missed,1,53,59,112,v,MISS Morant 29' 3PT Pullup Jump Shot,Missed Shot,Pullup Jump shot,1,3,255
22401180,353,PT00M00.20S,2,0,,1610612763,,,0,0,0,,0,53,59,112,v,Grizzlies Rebound,Rebound,Unknown,0,0,256
22401180,354,PT00M00.00S,2,0,,0,,,0,0,0,,0,53,59,112,,End of 2nd Period (10:07 PM EST),period,end,1,0,257
22401180,363,PT12M00.00S,3,0,,0,,,0,0,0,,0,53,59,112,,Start of 3rd Period (10:22 PM EST),period,start,0,0,258
22401180,368,PT11M41.00S,3,1610612763,MEM,1631246,Williams Jr.,V. Williams Jr.,0,0,0,,0,53,59,112,v,Williams Jr. P.FOUL (P1.T1) (T.Brothers),Foul,Personal,1,0,259
22401180,370,PT11M29.00S,3,1610612763,MEM,1631246,Williams Jr.,V. Williams Jr.,0,0,0,,0,53,59,112,v,Williams Jr. S.FOUL (P2.T2) (E.Dalen),Foul,Shooting,1,0,260
22401180,372,PT11M29.00S,3,1610612743,DEN,203932,Gordon,A. Gordon,0,0,0,,0,54,59,113,h,Gordon Free Throw 1 of 2 (14 PTS),Free Throw,Free Throw 1 of 2,1,0,261
22401180,373,PT11M29.00S,3,1610612743,DEN,203932,Gordon,A. Gordon,0,0,0,,0,55,59,114,h,Gordon Free Throw 2 of 2 (15 PTS),Free Throw,Free Throw 2 of 2,1,0,262
22401180,374,PT11M14.00S,3,1610612763,MEM,1629630,Morant,J. Morant,-44,106,11,Missed,1,55,59,114,v,MISS Morant 11' Step Back Jump Shot,Missed Shot,Step Back Jump shot,1,2,263
22401180,375,PT11M12.00S,3,1610612743,DEN,1629008,Porter Jr.,M. Porter Jr.,0,0,0,,0,55,59,114,h,Porter Jr. REBOUND (Off:3 Def:7),Rebound,Unknown,1,0,264
22401180,376,PT11M01.00S,3,1610612743,DEN,203932,Gordon,A. Gordon,9,17,2,Made,1,57,59,116,h,Gordon 2' Driving Dunk (17 PTS),Made Shot,Driving Dunk Shot,1,2,265
22401180,377,PT10M46.00S,3,1610612763,MEM,1628991,Jackson Jr.,J. Jackson Jr.,60,36,7,Made,1,57,61,118,v,Jackson Jr. 7' Turnaround Hook Shot (9 PTS),Made Shot,Turnaround Hook Shot,1,2,266
22401180,378,PT10M39.00S,3,1610612743,DEN,1629008,Porter Jr.,M. Porter Jr.,5,20,2,Made,1,59,61,120,h,Porter Jr. 2' Driving Layup (7 PTS) (Jokic 5 AST),Made Shot,Driving Layup Shot,1,2,267
22401180,380,PT10M18.00S,3,1610612763,MEM,1629630,Morant,J. Morant,50,72,9,Missed,1,59,61,120,v,MISS Morant 9' Driving Floating Jump Shot,Missed Shot,Driving Floating Jump Shot,1,2,268
22401180,381,PT10M14.00S,3,1610612763,MEM,1641744,Edey,Z. Edey,0,0,0,,0,59,61,120,v,Edey REBOUND (Off:3 Def:8),Rebound,Unknown,1,0,269
22401180,382,PT10M13.00S,3,1610612763,MEM,1628991,Jackson Jr.,J. Jackson Jr.,-229,21,0,Made,1,59,64,123,v,Jackson Jr. 3PT Jump Shot (12 PTS) (Morant 4 AST),Made Shot,Jump Shot,1,3,270
22401180,384,PT10M03.00S,3,1610612763,MEM,1641744,Edey,Z. Edey,0,0,0,,0,59,64,123,v,Edey P.FOUL (P3.T3) (T.Brothers),Foul,Personal,1,0,271
22401180,386,PT09M57.00S,3,1610612743,DEN,203999,Jokić,N. Jokić,-65,262,27,Made,1,62,64,126,h,Jokic 27' 3PT Step Back Jump Shot (10 PTS) (Murray 5 AST),Made Shot,Step Back Jump shot,1,3,272
22401180,388,PT09M40.00S,3,1610612763,MEM,1628991,Jackson Jr.,J. Jackson Jr.,25,74,8,Made,1,62,66,128,v,Jackson Jr. 8' Driving Floating Jump Shot (14 PTS),Made Shot,Driving Floating Jump Shot,1,2,273
22401180,389,PT09M20.00S,3,1610612743,DEN,1627750,Murray,J. Murray,12,275,28,Missed,1,62,66,128,h,MISS Murray 28' 3PT Jump Shot,Missed Shot,Jump Shot,1,3,274
22401180,390,PT09M16.00S,3,1610612763,MEM,1641744,Edey,Z. Edey,0,0,0,,0,62,66,128,v,Edey REBOUND (Off:3 Def:9),Rebound,Unknown,1,0,275
22401180,391,PT09M09.00S,3,1610612763,MEM,1629630,Morant,J. Morant,-6,11,1,Made,1,62,68,130,v,Morant 1' Driving Layup (14 PTS),Made Shot,Driving Layup Shot,1,2,276
22401180,392,PT08M58.00S,3,1610612743,DEN,1627750,Murray,J. Murray,0,0,0,,0,62,68,130,h,Murray Lost Ball Turnover (P3.T8),Turnover,Lost Ball,1,0,277
22401180,392,PT08M58.00S,3,1610612763,MEM,1629630,Morant,J. Morant,0,0,0,,0,62,68,130,v,Morant STEAL (1 STL),,,1,0,278
22401180,394,PT08M56.00S,3,1610612763,MEM,1629630,Morant,J. Morant,20,19,3,Made,1,62,70,132,v,Morant 3' Running Layup (16 PTS),Made Shot,Running Layup Shot,1,2,279
22401180,395,PT08M56.00S,3,1610612743,DEN,1631128,Braun,C. Braun,0,0,0,,0,62,70,132,h,Braun S.FOUL (P3.T1) (T.Brothers),Foul,Shooting,1,0,280
22401180,397,PT08M56.00S,3,1610612763,MEM,1629630,Morant,J. Morant,0,0,0,,0,62,70,132,v,MISS Morant Free Throw 1 of 1,Free Throw,Free Throw 1 of 1,1,0,281
22401180,398,PT08M55.00S,3,0,,1610612763,,,0,0,0,,0,62,70,132,v,Grizzlies Rebound,Rebound,Unknown,0,0,282
22401180,400,PT08M49.00S,3,1610612763,MEM,1630217,Bane,D. Bane,-62,30,7,Made,1,62,72,134,v,Bane 7' Driving Layup (16 PTS) (Morant 5 AST),Made Shot,Driving Layup Shot,1,2,283
22401180,402,PT08M38.00S,3,1610612743,DEN,203999,Jokić,N. Jokić,0,0,0,,0,62,72,134,h,Jokic Bad Pass Turnover (P3.T9),Turnover,Bad Pass,1,0,284
22401180,402,PT08M38.00S,3,1610612763,MEM,1641744,Edey,Z. Edey,0,0,0,,0,62,72,134,v,Edey STEAL (1 STL),,,1,0,285
22401180,404,PT08M33.00S,3,1610612763,MEM,1631246,Williams Jr.,V. Williams Jr.,0,0,0,,0,62,72,134,v,Williams Jr. Out of Bounds - Bad Pass Turnover Turnover (P2.T8),Turnover,Out of Bounds - Bad Pass Turnover,1,0,286
22401180,405,PT08M17.00S,3,1610612743,DEN,203932,Gordon,A. Gordon,81,253,27,Made,1,65,72,137,h,Gordon 27' 3PT Jump Shot (20 PTS) (Jokic 6 AST),Made Shot,Jump Shot,1,3,287
22401180,407,PT08M04.00S,3,1610612763,MEM,1630217,Bane,D. Bane,6,21,2,Made,1,65,74,139,v,Bane 2' Driving Finger Roll Layup (18 PTS),Made Shot,Driving Finger Roll Layup Shot,1,2,288
22401180,408,PT07M45.00S,3,1610612743,DEN,203932,Gordon,A. Gordon,-10,11,1,Made,1,67,74,141,h,Gordon 1' Cutting Dunk Shot (22 PTS) (Jokic 7 AST),Made Shot,Cutting Dunk Shot,1,2,289
22401180,410,PT07M29.00S,3,1610612763,MEM,1630217,Bane,D. Bane,26,264,27,Missed,1,67,74,141,v,MISS Bane 27' 3PT Pullup Jump Shot,Missed Shot,Pullup Jump shot,1,3,290
22401180,411,PT07M27.00S,3,1610612743,DEN,203999,Jokić,N. Jokić,0,0,0,,0,67,74,141,h,Jokic REBOUND (Off:1 Def:7),Rebound,Unknown,1,0,291
22401180,412,PT07M20.00S,3,1610612743,DEN,1631128,Braun,C. Braun,-7,11,1,Made,1,69,74,143,h,Braun 1' Cutting Dunk Shot (10 PTS) (Jokic 8 AST),Made Shot,Cutting Dunk Shot,1,2,292
22401180,414,PT07M07.00S,3,1610612763,MEM,1630217,Bane,D. Bane,-38,80,9,Missed,1,69,74,143,v,MISS Bane 9' Driving Floating Jump Shot,Missed Shot,Driving Floating Jump Shot,1,2,293
22401180,415,PT07M05.00S,3,1610612743,DEN,1627750,Murray,J. Murray,0,0,0,,0,69,74,143,h,Murray REBOUND (Off:0 Def:3),Rebound,Unknown,1,0,294
22401180,416,PT06M57.00S,3,1610612743,DEN,1629008,Porter Jr.,M. Porter Jr.,-10,38,4,Missed,1,69,74,143,h,MISS Porter Jr. 4' Cutting Layup Shot,Missed Shot,Cutting Layup Shot,1,2,295
22401180,418,PT06M53.00S,3,1610612763,MEM,1641744,Edey,Z. Edey,0,0,0,,0,69,74,143,v,Edey REBOUND (Off:3 Def:10),Rebound,Unknown,1,0,296
22401180,419,PT06M51.00S,3,1610612763,MEM,1629630,Morant,J. Morant,-17,19,3,Made,1,69,76,145,v,Morant 3' Running Layup (18 PTS),Made Shot,Running Layup Shot,1,2,297
22401180,421,PT06M51.00S,3,0,,1610612743,,,0,0,0,,0,69,76,145,h,NUGGETS Timeout: Regular (Full 4 Short 0),Timeout,Regular,0,0,298
22401180,422,PT06M51.00S,3,1610612763,MEM,1628991,Jackson Jr.,J. Jackson Jr.,0,0,0,,0,69,76,145,v,SUB: Aldama FOR Jackson Jr.,Substitution,,0,0,299
22401180,423,PT06M51.00S,3,1610612763,MEM,1631246,Williams Jr.,V. Williams Jr.,0,0,0,,0,69,76,145,v,SUB: Pippen Jr. FOR Williams Jr.,Substitution,,0,0,300
22401180,426,PT06M36.00S,3,1610612743,DEN,1627750,Murray,J. Murray,-55,112,12,Missed,1,69,76,145,h,MISS Murray 12' Driving Floating Jump Shot,Missed Shot,Driving Floating Jump Shot,1,2,301
22401180,427,PT06M35.00S,3,1610612763,MEM,1641744,Edey,Z. Edey,0,0,0,,0,69,76,145,v,Edey REBOUND (Off:3 Def:11),Rebound,Unknown,1,0,302
22401180,428,PT06M25.00S,3,1610612763,MEM,1630217,Bane,D. Bane,-72,58,9,Missed,1,69,76,145,v,MISS Bane 9' Driving Floating Bank Jump Shot,Missed Shot,Driving Floating Bank Jump Shot,1,2,303
22401180,429,PT06M21.00S,3,1610612743,DEN,203999,Jokić,N. Jokić,0,0,0,,0,69,76,145,h,Jokic REBOUND (Off:1 Def:8),Rebound,Unknown,1,0,304
22401180,430,PT06M08.00S,3,1610612743,DEN,1627750,Murray,J. Murray,-230,32,0,Made,1,72,76,148,h,Murray 3PT Jump Shot (9 PTS) (Braun 2 AST),Made Shot,Jump Shot,1,3,305
22401180,432,PT05M53.00S,3,1610612763,MEM,1641744,Edey,Z. Edey,-33,3,3,Made,1,72,78,150,v,Edey 3' Alley Oop Layup (5 PTS) (Morant 6 AST),Made Shot,Alley Oop Layup shot,1,2,306
22401180,434,PT05M31.00S,3,1610612743,DEN,203932,Gordon,A. Gordon,-13,8,2,Made,1,74,78,152,h,Gordon 2' Cutting Dunk Shot (24 PTS) (Murray 6 AST),Made Shot,Cutting Dunk Shot,1,2,307
22401180,436,PT05M22.00S,3,1610612743,DEN,203999,Jokić,N. Jokić,0,0,0,,0,74,78,152,h,Jokic P.FOUL (P2.T2) (E.Dalen),Foul,Personal,1,0,308
22401180,438,PT05M22.00S,3,1610612763,MEM,1630217,Bane,D. Bane,0,0,0,,0,74,78,152,v,SUB: Kennard FOR Bane,Substitution,,0,0,309
22401180,440,PT05M22.00S,3,1610612743,DEN,1627750,Murray,J. Murray,0,0,0,,0,74,78,152,h,SUB: Westbrook FOR Murray,Substitution,,0,0,310
22401180,442,PT05M16.00S,3,1610612763,MEM,1630590,Pippen Jr.,S. Pippen Jr.,18,119,12,Made,1,74,80,154,v,Pippen Jr. 12' Pullup Jump Shot (7 PTS),Made Shot,Pullup Jump shot,1,2,311
22401180,444,PT04M58.00S,3,1610612743,DEN,1631128,Braun,C. Braun,-32,10,3,Missed,1,74,80,154,h,MISS Braun 3' Reverse Layup,Missed Shot,Reverse Layup Shot,1,2,312
22401180,445,PT04M57.00S,3,1610612743,DEN,203999,Jokić,N. Jokić,0,0,0,,0,74,80,154,h,Jokic REBOUND (Off:2 Def:8),Rebound,Unknown,1,0,313
22401180,446,PT04M54.00S,3,1610612763,MEM,1641744,Edey,Z. Edey,0,0,0,,0,74,80,154,v,Edey S.FOUL (P4.T4) (T.Brothers),Foul,Shooting,1,0,314
22401180,448,PT04M54.00S,3,1610612743,DEN,203932,Gordon,A. Gordon,0,0,0,,0,75,80,155,h,Gordon Free Throw 1 of 2 (25 PTS),Free Throw,Free Throw 1 of 2,1,0,315
22401180,449,PT04M54.00S,3,1610612763,MEM,1641744,Edey,Z. Edey,0,0,0,,0,75,80,155,v,SUB: Jackson Jr. FOR Edey,Substitution,,0,0,316
22401180,451,PT04M54.00S,3,1610612743,DEN,203932,Gordon,A. Gordon,0,0,0,,0,75,80,155,h,MISS Gordon Free Throw 2 of 2,Free Throw,Free Throw 2 of 2,1,0,317
22401180,452,PT04M50.00S,3,1610612763,MEM,1628379,Kennard,L. Kennard,0,0,0,,0,75,80,155,v,Kennard REBOUND (Off:0 Def:4),Rebound,Unknown,1,0,318
22401180,453,PT04M41.00S,3,1610612763,MEM,1628991,Jackson Jr.,J. Jackson Jr.,7,8,1,Made,1,75,82,157,v,Jackson Jr. 1' Driving Layup (16 PTS) (Pippen Jr. 3 AST),Made Shot,Driving Layup Shot,1,2,319
22401180,454,PT04M31.00S,3,1610612743,DEN,203932,Gordon,A. Gordon,-1,18,2,Made,1,77,82,159,h,Gordon 2' Driving Dunk (27 PTS),Made Shot,Driving Dunk Shot,1,2,320
22401180,455,PT04M20.00S,3,1610612763,MEM,1628991,Jackson Jr.,J. Jackson Jr.,123,220,25,Missed,1,77,82,159,v,MISS Jackson Jr. 25' 3PT Jump Shot,Missed Shot,Jump Shot,1,3,321
22401180,456,PT04M18.00S,3,1610612743,DEN,1629008,Porter Jr.,M. Porter Jr.,0,0,0,,0,77,82,159,h,Porter Jr. REBOUND (Off:3 Def:8),Rebound,Unknown,1,0,322
22401180,457,PT04M13.00S,3,1610612743,DEN,201566,Westbrook,R. Westbrook,7,18,2,Missed,1,77,82,159,h,MISS Westbrook 2' Running Layup,Missed Shot,Running Layup Shot,1,2,323
22401180,459,PT04M13.00S,3,1610612763,MEM,1628379,Kennard,L. Kennard,0,0,0,,0,77,82,159,v,Kennard REBOUND (Off:0 Def:5),Rebound,Unknown,1,0,324
22401180,460,PT04M13.00S,3,1610612743,DEN,1629008,Porter Jr.,M. Porter Jr.,0,0,0,,0,77,82,159,h,SUB: Watson FOR Porter Jr.,Substitution,,0,0,325
22401180,590,PT04M13.00S,3,1610612763,MEM,1628379,Kennard,L. Kennard,0,0,0,,0,77,82,159,v,Kennard Out of Bounds Lost Ball Turnover (P1.T9),Turnover,Out of Bounds Lost Ball Turnover,1,0,326
22401180,463,PT04M08.00S,3,1610612743,DEN,203999,Jokić,N. Jokić,-10,100,10,Made,1,79,82,161,h,Jokic 10' Driving Floating Jump Shot (12 PTS) (Braun 3 AST),Made Shot,Driving Floating Jump Shot,1,2,327
22401180,465,PT04M08.00S,3,1610612763,MEM,1629630,Morant,J. Morant,0,0,0,,0,79,82,161,v,Morant S.FOUL (P2.PN) (E.Scott),Foul,Shooting,1,0,328
22401180,467,PT04M08.00S,3,1610612743,DEN,203999,Jokić,N. Jokić,0,0,0,,0,79,82,161,h,MISS Jokic Free Throw 1 of 1,Free Throw,Free Throw 1 of 1,1,0,329
22401180,468,PT04M05.00S,3,1610612763,MEM,1630583,Aldama,S. Aldama,0,0,0,,0,79,82,161,v,Aldama REBOUND (Off:0 Def:2),Rebound,Unknown,1,0,330
22401180,469,PT03M54.00S,3,1610612763,MEM,1630590,Pippen Jr.,S. Pippen Jr.,-4,258,26,Missed,1,79,82,161,v,MISS Pippen Jr. 26' 3PT Jump Shot,Missed Shot,Jump Shot,1,3,331
22401180,470,PT03M52.00S,3,1610612743,DEN,1631212,Watson,P. Watson,0,0,0,,0,79,82,161,h,Watson REBOUND (Off:0 Def:4),Rebound,Unknown,1,0,332
22401180,471,PT03M49.00S,3,1610612743,DEN,203999,Jokić,N. Jokić,-10,22,2,Made,1,81,82,163,h,Jokic 2' Running Layup (14 PTS) (Westbrook 2 AST),Made Shot,Running Layup Shot,1,2,333
22401180,473,PT03M49.00S,3,0,,1610612763,,,0,0,0,,0,81,82,163,v,Grizzlies Timeout: Regular (Reg.3 Short 0),Timeout,Regular,0,0,334
22401180,474,PT03M49.00S,3,1610612763,MEM,1629630,Morant,J. Morant,0,0,0,,0,81,82,163,v,SUB: Bane FOR Morant,Substitution,,0,0,335
22401180,476,PT03M31.00S,3,1610612743,DEN,203932,Gordon,A. Gordon,0,0,0,,0,81,82,163,h,Gordon S.FOUL (P3.T3) (E.Scott),Foul,Shooting,1,0,336
22401180,478,PT03M31.00S,3,1610612763,MEM,1630217,Bane,D. Bane,0,0,0,,0,81,83,164,v,Bane Free Throw 1 of 2 (19 PTS),Free Throw,Free Throw 1 of 2,1,0,337
22401180,479,PT03M31.00S,3,1610612763,MEM,1630217,Bane,D. Bane,0,0,0,,0,81,84,165,v,Bane Free Throw 2 of 2 (20 PTS),Free Throw,Free Throw 2 of 2,1,0,338
22401180,480,PT03M21.00S,3,1610612743,DEN,201566,Westbrook,R. Westbrook,-26,15,3,Missed,1,81,84,165,h,MISS Westbrook 3' Driving Finger Roll Layup,Missed Shot,Driving Finger Roll Layup Shot,1,2,339
22401180,481,PT03M20.00S,3,1610612763,MEM,1630583,Aldama,S. Aldama,0,0,0,,0,81,84,165,v,Aldama REBOUND (Off:0 Def:3),Rebound,Unknown,1,0,340
22401180,482,PT03M12.00S,3,1610612763,MEM,1630217,Bane,D. Bane,-27,32,4,Missed,1,81,84,165,v,MISS Bane 4' Driving Finger Roll Layup,Missed Shot,Driving Finger Roll Layup Shot,1,2,341
22401180,483,PT03M09.00S,3,1610612743,DEN,203999,Jokić,N. Jokić,0,0,0,,0,81,84,165,h,Jokic REBOUND (Off:2 Def:9),Rebound,Unknown,1,0,342
22401180,484,PT02M59.00S,3,1610612743,DEN,203999,Jokić,N. Jokić,0,39,4,Made,1,83,84,167,h,Jokic 4' Driving Layup (16 PTS) (Braun 4 AST),Made Shot,Driving Layup Shot,1,2,343
22401180,486,PT02M47.00S,3,1610612763,MEM,1628991,Jackson Jr.,J. Jackson Jr.,-39,50,6,Made,1,83,86,169,v,Jackson Jr. 6' Driving Layup (18 PTS),Made Shot,Driving Layup Shot,1,2,344
22401180,487,PT02M40.00S,3,1610612743,DEN,201566,Westbrook,R. Westbrook,105,244,27,Made,1,86,86,172,h,Westbrook 27' 3PT Jump Shot (7 PTS) (Jokic 9 AST),Made Shot,Jump Shot,1,3,345
22401180,489,PT02M17.00S,3,1610612763,MEM,1630590,Pippen Jr.,S. Pippen Jr.,229,-13,0,Made,1,86,89,175,v,Pippen Jr. 3PT Jump Shot (10 PTS) (Aldama 4 AST),Made Shot,Jump Shot,1,3,346
22401180,491,PT01M53.00S,3,1610612743,DEN,203999,Jokić,N. Jokić,0,0,0,,0,86,89,175,h,Jokic Lost Ball Turnover (P4.T10),Turnover,Lost Ball,1,0,347
22401180,491,PT01M53.00S,3,1610612763,MEM,1630583,Aldama,S. Aldama,0,0,0,,0,86,89,175,v,Aldama STEAL (2 STL),,,1,0,348
22401180,493,PT01M49.00S,3,1610612763,MEM,1628379,Kennard,L. Kennard,-25,3,3,Made,1,86,91,177,v,Kennard 3' Running Reverse Layup (5 PTS),Made Shot,Running Reverse Layup Shot,1,2,349
22401180,495,PT01M24.00S,3,1610612743,DEN,201566,Westbrook,R. Westbrook,248,13,25,Missed,1,86,91,177,h,MISS Westbrook 25' 3PT Jump Shot,Missed Shot,Jump Shot,1,3,350
22401180,496,PT01M23.00S,3,1610612743,DEN,203932,Gordon,A. Gordon,0,0,0,,0,86,91,177,h,Gordon REBOUND (Off:1 Def:0),Rebound,Unknown,1,0,351
22401180,497,PT01M23.00S,3,1610612743,DEN,203932,Gordon,A. Gordon,0,0,0,Made,1,88,91,179,h,Gordon Tip Layup Shot (29 PTS),Made Shot,Tip Layup Shot,1,2,352
22401180,498,PT01M02.00S,3,1610612763,MEM,1630217,Bane,D. Bane,-13,55,6,Made,1,88,93,181,v,Bane 6' Driving Floating Jump Shot (22 PTS) (Pippen Jr. 4 AST),Made Shot,Driving Floating Jump Shot,1,2,353
22401180,500,PT00M55.70S,3,1610612763,MEM,1630583,Aldama,S. Aldama,0,0,0,,0,88,93,181,v,Aldama S.FOUL (P1.PN) (T.Brothers),Foul,Shooting,1,0,354
22401180,502,PT00M55.70S,3,1610612743,DEN,201566,Westbrook,R. Westbrook,0,0,0,,0,89,93,182,h,Westbrook Free Throw 1 of 2 (8 PTS),Free Throw,Free Throw 1 of 2,1,0,355
22401180,503,PT00M55.70S,3,1610612743,DEN,1631128,Braun,C. Braun,0,0,0,,0,89,93,182,h,SUB: Murray FOR Braun,Substitution,,0,0,356
22401180,504,PT00M55.70S,3,1610612743,DEN,203932,Gordon,A. Gordon,0,0,0,,0,89,93,182,h,SUB: Porter Jr. FOR Gordon,Substitution,,0,0,357
22401180,507,PT00M55.70S,3,1610612743,DEN,201566,Westbrook,R. Westbrook,0,0,0,,0,90,93,183,h,Westbrook Free Throw 2 of 2 (9 PTS),Free Throw,Free Throw 2 of 2,1,0,358
22401180,508,PT00M35.60S,3,1610612763,MEM,1630583,Aldama,S. Aldama,234,-1,0,Missed,1,90,93,183,v,MISS Aldama 3PT Jump Shot,Missed Shot,Jump Shot,1,3,359
22401180,509,PT00M31.90S,3,1610612743,DEN,1627750,Murray,J. Murray,0,0,0,,0,90,93,183,h,Murray REBOUND (Off:0 Def:4),Rebound,Unknown,1,0,360
22401180,510,PT00M29.80S,3,1610612763,MEM,1630583,Aldama,S. Aldama,0,0,0,,0,90,93,183,v,Aldama S.FOUL (P2.PN) (E.Scott),Foul,Shooting,1,0,361
22401180,512,PT00M29.80S,3,1610612743,DEN,201566,Westbrook,R. Westbrook,0,0,0,,0,91,93,184,h,Westbrook Free Throw 1 of 2 (10 PTS),Free Throw,Free Throw 1 of 2,1,0,362
22401180,513,PT00M29.80S,3,1610612743,DEN,201566,Westbrook,R. Westbrook,0,0,0,,0,92,93,185,h,Westbrook Free Throw 2 of 2 (11 PTS),Free Throw,Free Throw 2 of 2,1,0,363
22401180,514,PT00M07.80S,3,1610612763,MEM,1630217,Bane,D. Bane,28,47,5,Made,1,92,95,187,v,Bane 5' Cutting Layup Shot (24 PTS) (Pippen Jr. 5 AST),Made Shot,Cutting Layup Shot,1,2,364
22401180,516,PT00M01.00S,3,1610612743,DEN,203999,Jokić,N. Jokić,-23,50,6,Missed,1,92,95,187,h,MISS Jokic 6' Driving Layup,Missed Shot,Driving Layup Shot,1,2,365
22401180,517,PT00M01.00S,3,1610612743,DEN,203999,Jokić,N. Jokić,0,0,0,,0,92,95,187,h,Jokic REBOUND (Off:3 Def:9),Rebound,Unknown,1,0,366
22401180,518,PT00M00.30S,3,1610612743,DEN,203999,Jokić,N. Jokić,0,0,0,Missed,1,92,95,187,h,MISS Jokic Tip Layup Shot,Missed Shot,Tip Layup Shot,1,2,367
22401180,519,PT00M00.10S,3,0,,1610612743,,,0,0,0,,0,92,95,187,h,NUGGETS Rebound,Rebound,Unknown,0,0,368
22401180,520,PT00M00.00S,3,0,,0,,,0,0,0,,0,92,95,187,,End of 3rd Period (10:48 PM EST),period,end,1,0,369
22401180,525,PT12M00.00S,4,0,,0,,,0,0,0,,0,92,95,187,,Start of 4th Period (10:50 PM EST),period,start,0,0,370
22401180,526,PT11M41.00S,4,1610612763,MEM,1628379,Kennard,L. Kennard,33,119,12,Made,1,92,97,189,v,Kennard 12' Pullup Jump Shot (7 PTS) (Pippen Jr. 6 AST),Made Shot,Pullup Jump shot,1,2,371
22401180,530,PT11M22.00S,4,1610612743,DEN,1627750,Murray,J. Murray,0,0,0,,0,92,97,189,h,Murray OFF.Foul (P2) (E.Dalen),Foul,Offensive,1,0,372
22401180,534,PT11M22.00S,4,1610612743,DEN,1627750,Murray,J. Murray,0,0,0,,0,92,97,189,h,Murray Offensive Foul Turnover (P4.T11),Turnover,Offensive Foul Turnover,1,0,373
22401180,532,PT11M22.00S,4,0,,1610612763,,,0,0,0,,0,92,97,189,v,Grizzlies Timeout: Regular (Reg.4 Short 0),Timeout,Regular,0,0,374
22401180,533,PT11M22.00S,4,0,,530,,,0,0,0,,0,92,97,189,,Instant Replay4th Period (10:52 PM EST),Instant Replay,Coach Challenge Overturn Ruling,1,0,375
22401180,535,PT11M10.00S,4,1610612763,MEM,1628379,Kennard,L. Kennard,-127,215,25,Missed,1,92,97,189,v,MISS Kennard 25' 3PT Jump Shot,Missed Shot,Jump Shot,1,3,376
22401180,536,PT11M06.00S,4,1610612743,DEN,201599,Jordan,D. Jordan,0,0,0,,0,92,97,189,h,Jordan REBOUND (Off:0 Def:2),Rebound,Unknown,1,0,377
22401180,537,PT11M03.00S,4,1610612743,DEN,201566,Westbrook,R. Westbrook,-29,22,4,Made,1,94,97,191,h,Westbrook 4' Running Layup (13 PTS),Made Shot,Running Layup Shot,1,2,378
22401180,538,PT11M03.00S,4,1610612763,MEM,1630590,Pippen Jr.,S. Pippen Jr.,0,0,0,,0,94,97,191,v,Pippen Jr. S.FOUL (P4.T1) (E.Scott),Foul,Shooting,1,0,379
22401180,540,PT11M03.00S,4,1610612743,DEN,201566,Westbrook,R. Westbrook,0,0,0,,0,95,97,192,h,Westbrook Free Throw 1 of 1 (14 PTS),Free Throw,Free Throw 1 of 1,1,0,380
22401180,541,PT10M49.00S,4,1610612763,MEM,1628991,Jackson Jr.,J. Jackson Jr.,50,48,7,Missed,1,95,97,192,v,MISS Jackson Jr. 7' Driving Floating Jump Shot,Missed Shot,Driving Floating Jump Shot,1,2,381
22401180,542,PT10M48.00S,4,1610612743,DEN,1631212,Watson,P. Watson,0,0,0,,0,95,97,192,h,Watson REBOUND (Off:0 Def:5),Rebound,Unknown,1,0,382
22401180,543,PT10M37.00S,4,1610612743,DEN,1627750,Murray,J. Murray,-50,144,15,Made,1,97,97,194,h,Murray 15' Driving Floating Jump Shot (11 PTS),Made Shot,Driving Floating Jump Shot,1,2,383
22401180,544,PT10M20.00S,4,1610612763,MEM,1630217,Bane,D. Bane,27,146,15,Missed,1,97,97,194,v,MISS Bane 15' Pullup Jump Shot,Missed Shot,Pullup Jump shot,1,2,384
22401180,545,PT10M18.00S,4,1610612763,MEM,1630590,Pippen Jr.,S. Pippen Jr.,0,0,0,,0,97,97,194,v,Pippen Jr. REBOUND (Off:1 Def:0),Rebound,Unknown,1,0,385
22401180,546,PT10M18.00S,4,1610612743,DEN,1629008,Porter Jr.,M. Porter Jr.,0,0,0,,0,97,97,194,h,Porter Jr. P.FOUL (P1.T1) (T.Brothers),Foul,Personal,1,0,386
22401180,548,PT10M05.00S,4,1610612763,MEM,1641744,Edey,Z. Edey,-1,15,2,Made,1,97,99,196,v,Edey 2' Alley Oop Dunk (7 PTS) (Jackson Jr. 2 AST),Made Shot,Alley Oop Dunk Shot,1,2,387
22401180,550,PT09M47.00S,4,1610612743,DEN,1627750,Murray,J. Murray,-66,41,8,Missed,1,97,99,196,h,MISS Murray 8' Driving Finger Roll Layup,Missed Shot,Driving Finger Roll Layup Shot,1,2,388
22401180,550,PT09M47.00S,4,1610612763,MEM,1641744,Edey,Z. Edey,0,0,0,,0,97,99,196,v,Edey BLOCK (1 BLK),,,1,2,389
22401180,552,PT09M47.00S,4,0,,1610612743,,,0,0,0,,0,97,99,196,h,NUGGETS Rebound,Rebound,Unknown,1,0,390
22401180,554,PT09M41.00S,4,1610612743,DEN,1629008,Porter Jr.,M. Porter Jr.,28,165,17,Missed,1,97,99,196,h,MISS Porter Jr. 17' Fadeaway Jumper,Missed Shot,Fadeaway Jump Shot,1,2,391
22401180,555,PT09M39.00S,4,1610612763,MEM,1630217,Bane,D. Bane,0,0,0,,0,97,99,196,v,Bane REBOUND (Off:1 Def:3),Rebound,Unknown,1,0,392
22401180,556,PT09M26.00S,4,1610612743,DEN,1627750,Murray,J. Murray,0,0,0,,0,97,99,196,h,Murray S.FOUL (P3.T2) (E.Dalen),Foul,Shooting,1,0,393
22401180,558,PT09M26.00S,4,1610612763,MEM,1630590,Pippen Jr.,S. Pippen Jr.,0,0,0,,0,97,100,197,v,Pippen Jr. Free Throw 1 of 2 (11 PTS),Free Throw,Free Throw 1 of 2,1,0,394
22401180,559,PT09M26.00S,4,1610612743,DEN,1631212,Watson,P. Watson,0,0,0,,0,97,100,197,h,SUB: Jokic FOR Watson,Substitution,,0,0,395
22401180,560,PT09M26.00S,4,1610612743,DEN,201599,Jordan,D. Jordan,0,0,0,,0,97,100,197,h,SUB: Gordon FOR Jordan,Substitution,,0,0,396
22401180,563,PT09M26.00S,4,1610612763,MEM,1630590,Pippen Jr.,S. Pippen Jr.,0,0,0,,0,97,100,197,v,MISS Pippen Jr. Free Throw 2 of 2,Free Throw,Free Throw 2 of 2,1,0,397
22401180,564,PT09M23.00S,4,1610612743,DEN,1629008,Porter Jr.,M. Porter Jr.,0,0,0,,0,97,100,197,h,Porter Jr. REBOUND (Off:3 Def:9),Rebound,Unknown,1,0,398
22401180,565,PT09M13.00S,4,1610612743,DEN,203999,Jokić,N. Jokić,-25,113,12,Missed,1,97,100,197,h,MISS Jokic 12' Driving Floating Jump Shot,Missed Shot,Driving Floating Jump Shot,1,2,399
22401180,566,PT09M11.00S,4,1610612763,MEM,1641744,Edey,Z. Edey,0,0,0,,0,97,100,197,v,Edey REBOUND (Off:3 Def:12),Rebound,Unknown,1,0,400
22401180,567,PT09M01.00S,4,1610612763,MEM,1628379,Kennard,L. Kennard,69,235,24,Made,1,97,103,200,v,Kennard 24' 3PT Jump Shot (10 PTS) (Pippen Jr. 7 AST),Made Shot,Jump Shot,1,3,401
22401180,569,PT08M42.00S,4,1610612743,DEN,203932,Gordon,A. Gordon,232,1,0,Missed,1,97,103,200,h,MISS Gordon 3PT Jump Shot,Missed Shot,Jump Shot,1,3,402
22401180,570,PT08M40.00S,4,1610612763,MEM,1641744,Edey,Z. Edey,0,0,0,,0,97,103,200,v,Edey REBOUND (Off:3 Def:13),Rebound,Unknown,1,0,403
22401180,571,PT08M31.00S,4,1610612763,MEM,1630217,Bane,D. Bane,-50,164,17,Missed,1,97,103,200,v,MISS Bane 17' Pullup Jump Shot,Missed Shot,Pullup Jump shot,1,2,404
22401180,572,PT08M27.00S,4,1610612743,DEN,1627750,Murray,J. Murray,0,0,0,,0,97,103,200,h,Murray REBOUND (Off:0 Def:5),Rebound,Unknown,1,0,405
22401180,573,PT08M10.00S,4,1610612743,DEN,203932,Gordon,A. Gordon,-132,85,16,Missed,1,97,103,200,h,MISS Gordon 16' Step Back Jump Shot,Missed Shot,Step Back Jump shot,1,2,406
22401180,574,PT08M08.00S,4,0,,1610612743,,,0,0,0,,0,97,103,200,h,NUGGETS Rebound,Rebound,Unknown,0,0,407
22401180,576,PT08M08.00S,4,1610612743,DEN,1627750,Murray,J. Murray,0,0,0,,0,97,103,200,h,SUB: Braun FOR Murray,Substitution,,0,0,408
22401180,577,PT08M08.00S,4,1610612763,MEM,1628991,Jackson Jr.,J. Jackson Jr.,0,0,0,,0,97,103,200,v,SUB: Morant FOR Jackson Jr.,Substitution,,0,0,409
22401180,578,PT08M08.00S,4,1610612763,MEM,1630217,Bane,D. Bane,0,0,0,,0,97,103,200,v,SUB: Aldama FOR Bane,Substitution,,0,0,410
22401180,582,PT07M59.00S,4,1610612743,DEN,203999,Jokić,N. Jokić,20,42,5,Made,1,99,103,202,h,Jokic 5' Driving Hook Shot (18 PTS),Made Shot,Driving Hook Shot,1,2,411
22401180,583,PT07M39.00S,4,1610612743,DEN,1631128,Braun,C. Braun,0,0,0,,0,99,103,202,h,Braun S.FOUL (P4.T3) (T.Brothers),Foul,Shooting,1,0,412
22401180,585,PT07M39.00S,4,1610612763,MEM,1629630,Morant,J. Morant,0,0,0,,0,99,103,202,v,MISS Morant Free Throw 1 of 2,Free Throw,Free Throw 1 of 2,1,0,413
22401180,586,PT07M39.00S,4,0,,1610612763,,,0,0,0,,0,99,103,202,v,Grizzlies Rebound,Rebound,Normal Rebound,0,0,414
22401180,587,PT07M39.00S,4,1610612763,MEM,1629630,Morant,J. Morant,0,0,0,,0,99,104,203,v,Morant Free Throw 2 of 2 (19 PTS),Free Throw,Free Throw 2 of 2,1,0,415
22401180,588,PT07M21.00S,4,1610612743,DEN,1631128,Braun,C. Braun,-37,42,6,Made,1,101,104,205,h,Braun 6' Cutting Layup Shot (12 PTS) (Jokic 10 AST),Made Shot,Cutting Layup Shot,1,2,416
22401180,591,PT06M58.00S,4,1610612763,MEM,1629630,Morant,J. Morant,-43,69,8,Made,1,101,106,207,v,Morant 8' Driving Floating Jump Shot (21 PTS),Made Shot,Driving Floating Jump Shot,1,2,417
22401180,592,PT06M52.00S,4,1610612743,DEN,203932,Gordon,A. Gordon,-6,13,1,Made,1,103,106,209,h,Gordon 1' Cutting Dunk Shot (31 PTS) (Westbrook 3 AST),Made Shot,Cutting Dunk Shot,1,2,418
22401180,594,PT06M30.00S,4,1610612763,MEM,1629630,Morant,J. Morant,-44,45,6,Missed,1,103,106,209,v,MISS Morant 6' Driving Floating Jump Shot,Missed Shot,Driving Floating Jump Shot,1,2,419
22401180,595,PT06M28.00S,4,1610612743,DEN,201566,Westbrook,R. Westbrook,0,0,0,,0,103,106,209,h,Westbrook REBOUND (Off:0 Def:3),Rebound,Unknown,1,0,420
22401180,596,PT06M24.00S,4,1610612743,DEN,203932,Gordon,A. Gordon,0,8,1,Missed,1,103,106,209,h,MISS Gordon 1' Running Reverse Dunk Shot,Missed Shot,Running Reverse Dunk Shot,1,2,421
22401180,597,PT06M22.00S,4,1610612743,DEN,203932,Gordon,A. Gordon,0,0,0,,0,103,106,209,h,Gordon REBOUND (Off:2 Def:0),Rebound,Unknown,1,0,422
22401180,598,PT06M21.00S,4,1610612743,DEN,203932,Gordon,A. Gordon,0,23,2,Missed,1,103,106,209,h,MISS Gordon 2' Putback Layup,Missed Shot,Putback Layup Shot,1,2,423
22401180,598,PT06M21.00S,4,1610612763,MEM,1641744,Edey,Z. Edey,0,0,0,,0,103,106,209,v,Edey BLOCK (2 BLK),,,1,2,424
22401180,599,PT06M18.00S,4,1610612763,MEM,1628379,Kennard,L. Kennard,0,0,0,,0,103,106,209,v,Kennard REBOUND (Off:0 Def:6),Rebound,Unknown,1,0,425
22401180,600,PT06M05.00S,4,1610612743,DEN,1629008,Porter Jr.,M. Porter Jr.,0,0,0,,0,103,106,209,h,Porter Jr. S.FOUL (P2.T4) (E.Dalen),Foul,Shooting,1,0,426
22401180,602,PT06M05.00S,4,1610612763,MEM,1628379,Kennard,L. Kennard,0,0,0,,0,103,107,210,v,Kennard Free Throw 1 of 2 (11 PTS),Free Throw,Free Throw 1 of 2,1,0,427
22401180,603,PT06M05.00S,4,1610612743,DEN,1629008,Porter Jr.,M. Porter Jr.,0,0,0,,0,103,107,210,h,SUB: Murray FOR Porter Jr.,Substitution,,0,0,428
22401180,604,PT06M05.00S,4,1610612763,MEM,1630590,Pippen Jr.,S. Pippen Jr.,0,0,0,,0,103,107,210,v,SUB: Bane FOR Pippen Jr.,Substitution,,0,0,429
22401180,607,PT06M05.00S,4,1610612763,MEM,1628379,Kennard,L. Kennard,0,0,0,,0,103,108,211,v,Kennard Free Throw 2 of 2 (12 PTS),Free Throw,Free Throw 2 of 2,1,0,430
22401180,608,PT05M55.00S,4,1610612743,DEN,203999,Jokić,N. Jokić,137,220,26,Missed,1,103,108,211,h,MISS Jokic 26' 3PT Jump Shot,Missed Shot,Jump Shot,1,3,431
22401180,609,PT05M52.00S,4,0,,1610612763,,,0,0,0,,0,103,108,211,v,Grizzlies Rebound,Rebound,Unknown,1,0,432
22401180,611,PT05M52.00S,4,1610612763,MEM,1628379,Kennard,L. Kennard,0,0,0,,0,103,108,211,v,SUB: Williams Jr. FOR Kennard,Substitution,,0,0,433
22401180,613,PT05M31.00S,4,1610612763,MEM,1641744,Edey,Z. Edey,0,0,0,,0,103,108,211,v,Edey Lost Ball Turnover (P2.T10),Turnover,Lost Ball,1,0,434
22401180,613,PT05M31.00S,4,1610612743,DEN,203932,Gordon,A. Gordon,0,0,0,,0,103,108,211,h,Gordon STEAL (1 STL),,,1,0,435
22401180,615,PT05M25.00S,4,1610612763,MEM,1631246,Williams Jr.,V. Williams Jr.,0,0,0,,0,103,108,211,v,Williams Jr. P.FOUL (P3.T2) (T.Brothers),Foul,Personal,1,0,436
22401180,617,PT05M25.00S,4,1610612763,MEM,1641744,Edey,Z. Edey,0,0,0,,0,103,108,211,v,SUB: Jackson Jr. FOR Edey,Substitution,,0,0,437
22401180,619,PT05M16.00S,4,1610612743,DEN,203932,Gordon,A. Gordon,-227,67,24,Missed,1,103,108,211,h,MISS Gordon 24' 3PT Jump Shot,Missed Shot,Jump Shot,1,3,438
22401180,620,PT05M14.00S,4,1610612763,MEM,1630217,Bane,D. Bane,0,0,0,,0,103,108,211,v,Bane REBOUND (Off:1 Def:4),Rebound,Unknown,1,0,439
22401180,621,PT05M03.00S,4,1610612763,MEM,1629630,Morant,J. Morant,-43,142,15,Missed,1,103,108,211,v,MISS Morant 15' Step Back Jump Shot,Missed Shot,Step Back Jump shot,1,2,440
22401180,622,PT05M00.00S,4,1610612743,DEN,203999,Jokić,N. Jokić,0,0,0,,0,103,108,211,h,Jokic REBOUND (Off:3 Def:10),Rebound,Unknown,1,0,441
22401180,624,PT04M50.00S,4,1610612743,DEN,1627750,Murray,J. Murray,-76,163,18,Missed,1,103,108,211,h,MISS Murray 18' Jump Shot,Missed Shot,Jump Shot,1,2,442
22401180,625,PT04M47.00S,4,1610612763,MEM,1630217,Bane,D. Bane,0,0,0,,0,103,108,211,v,Bane REBOUND (Off:1 Def:5),Rebound,Unknown,1,0,443
22401180,626,PT04M43.00S,4,1610612763,MEM,1630217,Bane,D. Bane,0,0,0,,0,103,108,211,v,Bane Lost Ball Turnover (P2.T11),Turnover,Lost Ball,1,0,444
22401180,626,PT04M43.00S,4,1610612743,DEN,201566,Westbrook,R. Westbrook,0,0,0,,0,103,108,211,h,Westbrook STEAL (1 STL),,,1,0,445
22401180,628,PT04M37.00S,4,1610612743,DEN,203999,Jokić,N. Jokić,1,21,2,Made,1,105,108,213,h,Jokic 2' Cutting Layup Shot (20 PTS) (Braun 5 AST),Made Shot,Cutting Layup Shot,1,2,446
22401180,630,PT04M37.00S,4,1610612763,MEM,1630583,Aldama,S. Aldama,0,0,0,,0,105,108,213,v,Aldama S.FOUL (P3.T3) (E.Scott),Foul,Shooting,1,0,447
22401180,632,PT04M37.00S,4,1610612743,DEN,203999,Jokić,N. Jokić,0,0,0,,0,105,108,213,h,MISS Jokic Free Throw 1 of 1,Free Throw,Free Throw 1 of 1,1,0,448
22401180,633,PT04M34.00S,4,1610612763,MEM,1631246,Williams Jr.,V. Williams Jr.,0,0,0,,0,105,108,213,v,Williams Jr. REBOUND (Off:0 Def:3),Rebound,Unknown,1,0,449
22401180,634,PT04M21.00S,4,1610612763,MEM,1631246,Williams Jr.,V. Williams Jr.,-38,251,25,Missed,1,105,108,213,v,MISS Williams Jr. 25' 3PT Jump Shot,Missed Shot,Jump Shot,1,3,450
22401180,635,PT04M15.00S,4,1610612743,DEN,203999,Jokić,N. Jokić,0,0,0,,0,105,108,213,h,Jokic REBOUND (Off:3 Def:11),Rebound,Unknown,1,0,451
22401180,636,PT04M15.00S,4,1610612743,DEN,203999,Jokić,N. Jokić,0,0,0,,0,105,108,213,h,Jokic Lost Ball Turnover (P5.T12),Turnover,Lost Ball,1,0,452
22401180,636,PT04M15.00S,4,1610612763,MEM,1630217,Bane,D. Bane,0,0,0,,0,105,108,213,v,Bane STEAL (1 STL),,,1,0,453
22401180,638,PT04M11.00S,4,1610612763,MEM,1630583,Aldama,S. Aldama,211,137,25,Missed,1,105,108,213,v,MISS Aldama 25' 3PT Jump Shot,Missed Shot,Jump Shot,1,3,454
22401180,639,PT04M10.00S,4,1610612743,DEN,1631128,Braun,C. Braun,0,0,0,,0,105,108,213,h,Braun REBOUND (Off:0 Def:1),Rebound,Unknown,1,0,455
22401180,640,PT04M03.00S,4,1610612763,MEM,1628991,Jackson Jr.,J. Jackson Jr.,0,0,0,,0,105,108,213,v,Jackson Jr. P.FOUL (P2.T4) (T.Brothers),Foul,Personal,1,0,456
22401180,642,PT04M03.00S,4,1610612763,MEM,1631246,Williams Jr.,V. Williams Jr.,0,0,0,,0,105,108,213,v,SUB: Pippen Jr. FOR Williams Jr.,Substitution,,0,0,457
22401180,644,PT03M58.00S,4,1610612743,DEN,203932,Gordon,A. Gordon,-4,11,1,Made,1,107,108,215,h,Gordon 1' Driving Dunk (33 PTS) (Jokic 11 AST),Made Shot,Driving Dunk Shot,1,2,458
22401180,646,PT03M42.00S,4,1610612763,MEM,1629630,Morant,J. Morant,-23,250,25,Missed,1,107,108,215,v,MISS Morant 25' 3PT Pullup Jump Shot,Missed Shot,Pullup Jump shot,1,3,459
22401180,647,PT03M39.00S,4,1610612743,DEN,1631128,Braun,C. Braun,0,0,0,,0,107,108,215,h,Braun REBOUND (Off:0 Def:2),Rebound,Unknown,1,0,460
22401180,648,PT03M31.00S,4,1610612743,DEN,201566,Westbrook,R. Westbrook,-1,37,4,Missed,1,107,108,215,h,MISS Westbrook 4' Driving Layup,Missed Shot,Driving Layup Shot,1,2,461
22401180,648,PT03M31.00S,4,1610612763,MEM,1628991,Jackson Jr.,J. Jackson Jr.,0,0,0,,0,107,108,215,v,Jackson Jr. BLOCK (2 BLK),,,1,2,462
22401180,650,PT03M30.00S,4,1610612743,DEN,203932,Gordon,A. Gordon,0,0,0,,0,107,108,215,h,Gordon REBOUND (Off:3 Def:0),Rebound,Unknown,1,0,463
22401180,651,PT03M28.00S,4,1610612763,MEM,1628991,Jackson Jr.,J. Jackson Jr.,0,0,0,,0,107,108,215,v,Jackson Jr. P.FOUL (P3.PN) (E.Dalen),Foul,Personal,1,0,464
22401180,653,PT03M28.00S,4,0,,1610612763,,,0,0,0,,0,107,108,215,v,Grizzlies Timeout: Regular (Reg.5 Short 0),Timeout,Regular,0,0,465
22401180,655,PT03M28.00S,4,1610612763,MEM,1630583,Aldama,S. Aldama,0,0,0,,0,107,108,215,v,SUB: Edey FOR Aldama,Substitution,,0,0,466
22401180,657,PT03M28.00S,4,1610612743,DEN,203999,Jokić,N. Jokić,0,0,0,,0,107,108,215,h,MISS Jokic Free Throw 1 of 2,Free Throw,Free Throw 1 of 2,1,0,467
22401180,658,PT03M28.00S,4,0,,1610612743,,,0,0,0,,0,107,108,215,h,NUGGETS Rebound,Rebound,Normal Rebound,0,0,468
22401180,659,PT03M28.00S,4,1610612743,DEN,203999,Jokić,N. Jokić,0,0,0,,0,108,108,216,h,Jokic Free Throw 2 of 2 (21 PTS),Free Throw,Free Throw 2 of 2,1,0,469
22401180,660,PT03M05.00S,4,1610612763,MEM,1628991,Jackson Jr.,J. Jackson Jr.,9,57,6,Missed,1,108,108,216,v,MISS Jackson Jr. 6' Driving Hook Shot,Missed Shot,Driving Hook Shot,1,2,470
22401180,661,PT03M04.00S,4,1610612743,DEN,203999,Jokić,N. Jokić,0,0,0,,0,108,108,216,h,Jokic REBOUND (Off:3 Def:12),Rebound,Unknown,1,0,471
22401180,662,PT02M46.00S,4,1610612743,DEN,1627750,Murray,J. Murray,55,149,16,Made,1,110,108,218,h,Murray 16' Step Back Jump Shot (13 PTS) (Jokic 12 AST),Made Shot,Step Back Jump shot,1,2,472
22401180,664,PT02M28.00S,4,1610612763,MEM,1630217,Bane,D. Bane,0,0,0,,0,110,108,218,v,Bane Bad Pass Turnover (P3.T12),Turnover,Bad Pass,1,0,473
22401180,664,PT02M28.00S,4,1610612743,DEN,201566,Westbrook,R. Westbrook,0,0,0,,0,110,108,218,h,Westbrook STEAL (2 STL),,,1,0,474
22401180,666,PT02M12.00S,4,1610612743,DEN,203999,Jokić,N. Jokić,-31,81,9,Made,1,112,108,220,h,Jokic 9' Floating Jump Shot (23 PTS) (Murray 7 AST),Made Shot,Floating Jump shot,1,2,475
22401180,668,PT02M12.00S,4,0,,1610612763,,,0,0,0,,0,112,108,220,v,Grizzlies Timeout: Regular (Reg.6 Short 0),Timeout,Regular,0,0,476
22401180,669,PT01M47.00S,4,1610612763,MEM,1641744,Edey,Z. Edey,-40,29,5,Missed,1,112,108,220,v,MISS Edey 5' Cutting Layup Shot,Missed Shot,Cutting Layup Shot,1,2,477
22401180,670,PT01M47.00S,4,0,,1610612763,,,0,0,0,,0,112,108,220,v,Grizzlies Rebound,Rebound,Unknown,0,0,478
22401180,671,PT01M47.00S,4,0,,1610612763,,,0,0,0,,0,112,108,220,v,Grizzlies Turnover: Shot Clock (T#13),Turnover,Shot Clock Turnover,1,0,479
22401180,672,PT01M47.00S,4,0,,671,Boyce,D. Boyce,0,0,0,,0,112,108,220,,Instant Replay4th Period (11:16 PM EST),Instant Replay,Support Ruling,0,0,480
22401180,673,PT01M32.00S,4,1610612743,DEN,1627750,Murray,J. Murray,-69,126,14,Made,1,114,108,222,h,Murray 14' Step Back Jump Shot (15 PTS) (Jokic 13 AST),Made Shot,Step Back Jump shot,1,2,481
22401180,674,PT01M21.00S,4,1610612763,MEM,1629630,Morant,J. Morant,50,5,5,Missed,1,114,108,222,v,MISS Morant 5' Driving Layup,Missed Shot,Driving Layup Shot,1,2,482
22401180,675,PT01M19.00S,4,1610612743,DEN,203999,Jokić,N. Jokić,0,0,0,,0,114,108,222,h,Jokic REBOUND (Off:3 Def:13),Rebound,Unknown,1,0,483
22401180,676,PT01M16.00S,4,1610612743,DEN,203999,Jokić,N. Jokić,-16,23,3,Made,1,116,108,224,h,Jokic 3' Running Layup (25 PTS) (Westbrook 4 AST),Made Shot,Running Layup Shot,1,2,484
22401180,684,PT01M12.00S,4,1610612763,MEM,1630590,Pippen Jr.,S. Pippen Jr.,15,20,3,Missed,1,116,108,224,v,MISS Pippen Jr. 3' Driving Layup,Missed Shot,Driving Layup Shot,1,2,485
22401180,685,PT01M12.00S,4,0,,1610612763,,,0,0,0,,0,116,108,224,v,Grizzlies Rebound,Rebound,Unknown,1,0,486
22401180,679,PT01M10.00S,4,1610612743,DEN,203999,Jokić,N. Jokić,0,0,0,,0,116,108,224,h,Jokic L.B.FOUL (P3.PN) (T.Brothers),Foul,Loose Ball,1,0,487
22401180,681,PT01M10.00S,4,1610612763,MEM,1641744,Edey,Z. Edey,0,0,0,,0,116,108,224,v,MISS Edey Free Throw 1 of 2,Free Throw,Free Throw 1 of 2,1,0,488
22401180,682,PT01M10.00S,4,0,,1610612763,,,0,0,0,,0,116,108,224,v,Grizzlies Rebound,Rebound,Normal Rebound,0,0,489
22401180,683,PT01M10.00S,4,1610612763,MEM,1641744,Edey,Z. Edey,0,0,0,,0,116,109,225,v,Edey Free Throw 2 of 2 (8 PTS),Free Throw,Free Throw 2 of 2,1,0,490
22401180,686,PT00M49.40S,4,1610612763,MEM,1628991,Jackson Jr.,J. Jackson Jr.,0,0,0,,0,116,109,225,v,Jackson Jr. P.FOUL (P4.PN) (E.Scott),Foul,Personal,1,0,491
22401180,688,PT00M49.40S,4,1610612743,DEN,203999,Jokić,N. Jokić,0,0,0,,0,116,109,225,h,MISS Jokic Free Throw 1 of 2,Free Throw,Free Throw 1 of 2,1,0,492
22401180,689,PT00M49.40S,4,0,,1610612743,,,0,0,0,,0,116,109,225,h,NUGGETS Rebound,Rebound,Normal Rebound,0,0,493
22401180,690,PT00M49.40S,4,1610612763,MEM,1641744,Edey,Z. Edey,0,0,0,,0,116,109,225,v,SUB: Kennard FOR Edey,Substitution,,0,0,494
22401180,692,PT00M49.40S,4,1610612743,DEN,203999,Jokić,N. Jokić,0,0,0,,0,117,109,226,h,Jokic Free Throw 2 of 2 (26 PTS),Free Throw,Free Throw 2 of 2,1,0,495
22401180,693,PT00M42.20S,4,1610612763,MEM,1629630,Morant,J. Morant,102,219,24,Missed,1,117,109,226,v,MISS Morant 24' 3PT Pullup Jump Shot,Missed Shot,Pullup Jump shot,1,3,496
22401180,694,PT00M38.20S,4,1610612743,DEN,203932,Gordon,A. Gordon,0,0,0,,0,117,109,226,h,Gordon REBOUND (Off:3 Def:1),Rebound,Unknown,0,0,497
22401180,696,PT00M37.60S,4,1610612763,MEM,1628379,Kennard,L. Kennard,0,0,0,,0,117,109,226,v,SUB: Aldama FOR Kennard,Substitution,,0,0,498
22401180,698,PT00M16.30S,4,1610612743,DEN,203999,Jokić,N. Jokić,129,181,22,Missed,1,117,109,226,h,MISS Jokic 22' Floating Jump Shot,Missed Shot,Floating Jump shot,1,2,499
22401180,699,PT00M14.00S,4,1610612743,DEN,203932,Gordon,A. Gordon,0,0,0,,0,117,109,226,h,Gordon REBOUND (Off:4 Def:1),Rebound,Unknown,1,0,500
22401180,700,PT00M02.10S,4,0,,1610612743,,,0,0,0,,0,117,109,226,h,NUGGETS Turnover: Shot Clock (T#13),Turnover,Shot Clock Turnover,1,0,501
22401180,701,PT00M00.00S,4,0,,0,,,0,0,0,,0,117,109,226,,End of 4th Period (11:23 PM EST),period,end,1,0,502
