gameId,actionNumber,clock,period,teamId,teamTricode,personId,playerName,playerNameI,xLegacy,yLegacy,shotDistance,shotResult,isFieldGoal,scoreHome,scoreAway,pointsTotal,location,description,actionType,subType,videoAvailable,shotValue,actionId
0022400872,2,PT12M00.00S,1,0,,0,,,0,0,0,,0,0,0,0,,Start of 1st Period (8:12 PM EST),period,start,0,0,1
0022400872,4,PT12M00.00S,1,1610612762,UTA,1642271,Filipowski,K. Filipowski,0,0,0,,0,,,0,h,Jump Ball Filipowski vs. Missi: Tip to Collier,Jump Ball,,1,0,2
0022400872,7,PT11M44.00S,1,1610612762,UTA,1642271,Filipowski,K. Filipowski,45,32,6,Missed,1,,,0,h,MISS Filipowski 6' Driving Layup,Missed Shot,Driving Layup Shot,1,2,3
0022400872,8,PT11M42.00S,1,1610612762,UTA,1642271,Filipowski,K. Filipowski,0,0,0,,0,,,0,h,Filipowski REBOUND (Off:1 Def:0),Rebound,Unknown,1,0,4
0022400872,37,PT11M42.00S,1,1610612762,UTA,1642271,Filipowski,K. Filipowski,2,32,3,Missed,1,,,0,h,MISS Filipowski 3' Tip Layup Shot,Missed Shot,Tip Layup Shot,1,2,5
0022400872,38,PT11M42.00S,1,1610612740,NOP,1629627,Williamson,Z. Williamson,0,0,0,,0,,,0,v,Williamson REBOUND (Off:0 Def:1),Rebound,Unknown,1,0,6
0022400872,9,PT11M29.00S,1,1610612740,NOP,1630530,Murphy III,T. Murphy III,-1,277,28,Made,1,0,3,3,v,Murphy III 28' 3PT Jump Shot (3 PTS) (Olynyk 1 AST),Made Shot,Jump Shot,1,3,7
0022400872,11,PT11M19.00S,1,1610612762,UTA,1641729,Sensabaugh,B. Sensabaugh,225,115,25,Made,1,3,3,6,h,Sensabaugh 25' 3PT Jump Shot (3 PTS) (Filipowski 1 AST),Made Shot,Jump Shot,1,3,8
0022400872,13,PT10M57.00S,1,1610612740,NOP,203468,McCollum,C. McCollum,126,222,26,Made,1,3,6,9,v,McCollum 26' 3PT Jump Shot (3 PTS) (Murphy III 1 AST),Made Shot,Jump Shot,1,3,9
0022400872,15,PT10M43.00S,1,1610612762,UTA,1642268,Collier,I. Collier,110,229,25,Missed,1,,,0,h,MISS Collier 25' 3PT Step Back Jump Shot,Missed Shot,Step Back Jump shot,1,3,10
0022400872,16,PT10M40.00S,1,1610612762,UTA,1642271,Filipowski,K. Filipowski,0,0,0,,0,,,0,h,Filipowski REBOUND (Off:2 Def:0),Rebound,Unknown,1,0,11
0022400872,17,PT10M38.00S,1,1610612762,UTA,1630548,Juzang,J. Juzang,167,192,25,Missed,1,,,0,h,MISS Juzang 25' 3PT Jump Shot,Missed Shot,Jump Shot,1,3,12
0022400872,18,PT10M36.00S,1,1610612740,NOP,1629627,Williamson,Z. Williamson,0,0,0,,0,,,0,v,Williamson REBOUND (Off:0 Def:2),Rebound,Unknown,1,0,13
0022400872,19,PT10M32.00S,1,1610612740,NOP,1630530,Murphy III,T. Murphy III,-184,175,25,Missed,1,,,0,v,MISS Murphy III 25' 3PT Running Pull-Up Jump Shot,Missed Shot,Running Pull-Up Jump Shot,1,3,14
0022400872,20,PT10M29.00S,1,1610612762,UTA,1642271,Filipowski,K. Filipowski,0,0,0,,0,,,0,h,Filipowski REBOUND (Off:2 Def:1),Rebound,Unknown,1,0,15
0022400872,21,PT10M23.00S,1,1610612762,UTA,1642271,Filipowski,K. Filipowski,-26,6,3,Missed,1,,,0,h,MISS Filipowski 3' Running Layup,Missed Shot,Running Layup Shot,1,2,16
0022400872,22,PT10M21.00S,1,1610612740,NOP,203482,Olynyk,K. Olynyk,0,0,0,,0,,,0,v,Olynyk REBOUND (Off:0 Def:1),Rebound,Unknown,1,0,17
0022400872,23,PT10M16.00S,1,1610612740,NOP,1630530,Murphy III,T. Murphy III,-183,227,29,Missed,1,,,0,v,MISS Murphy III 29' 3PT Running Jump Shot,Missed Shot,Running Jump Shot,1,3,18
0022400872,24,PT10M14.00S,1,1610612762,UTA,1642271,Filipowski,K. Filipowski,0,0,0,,0,,,0,h,Filipowski REBOUND (Off:2 Def:2),Rebound,Unknown,1,0,19
0022400872,25,PT10M01.00S,1,1610612762,UTA,1630548,Juzang,J. Juzang,232,34,0,Missed,1,,,0,h,MISS Juzang 3PT Jump Shot,Missed Shot,Jump Shot,1,3,20
0022400872,26,PT09M56.00S,1,1610612740,NOP,203482,Olynyk,K. Olynyk,0,0,0,,0,,,0,v,Olynyk REBOUND (Off:0 Def:2),Rebound,Unknown,1,0,21
0022400872,27,PT09M48.00S,1,1610612740,NOP,203482,Olynyk,K. Olynyk,-105,253,27,Made,1,3,9,12,v,Olynyk 27' 3PT Jump Shot (3 PTS) (Williamson 1 AST),Made Shot,Jump Shot,1,3,22
0022400872,29,PT09M33.00S,1,1610612762,UTA,1642271,Filipowski,K. Filipowski,0,0,0,,0,,,0,h,Filipowski Bad Pass Turnover (P1.T1),Turnover,Bad Pass,1,0,23
0022400872,29,PT09M33.00S,1,1610612740,NOP,1629627,Williamson,Z. Williamson,0,0,0,,0,,,0,v,Williamson STEAL (1 STL),,,1,0,24
0022400872,31,PT09M28.00S,1,1610612740,NOP,203468,McCollum,C. McCollum,225,4,0,Missed,1,,,0,v,MISS McCollum 3PT Running Jump Shot,Missed Shot,Running Jump Shot,1,3,25
0022400872,32,PT09M23.00S,1,1610612762,UTA,1630231,Martin,K. Martin,0,0,0,,0,,,0,h,Martin REBOUND (Off:0 Def:1),Rebound,Unknown,1,0,26
0022400872,33,PT09M15.00S,1,1610612762,UTA,1642268,Collier,I. Collier,62,13,6,Missed,1,,,0,h,MISS Collier 6' Driving Layup,Missed Shot,Driving Layup Shot,1,2,27
0022400872,34,PT09M14.00S,1,1610612740,NOP,203482,Olynyk,K. Olynyk,0,0,0,,0,,,0,v,Olynyk REBOUND (Off:0 Def:3),Rebound,Unknown,1,0,28
0022400872,35,PT09M11.00S,1,1610612740,NOP,203482,Olynyk,K. Olynyk,-53,259,26,Made,1,3,12,15,v,Olynyk 26' 3PT Running Pull-Up Jump Shot (6 PTS),Made Shot,Running Pull-Up Jump Shot,1,3,29
0022400872,36,PT09M10.00S,1,0,,1610612762,,,0,0,0,,0,,,0,h,JAZZ Timeout: Regular (Full 1 Short 0),Timeout,Regular,0,0,30
0022400872,39,PT08M56.00S,1,1610612762,UTA,1641729,Sensabaugh,B. Sensabaugh,5,147,15,Made,1,5,12,17,h,Sensabaugh 15' Pullup Jump Shot (5 PTS) (Filipowski 2 AST),Made Shot,Pullup Jump shot,1,2,31
0022400872,41,PT08M40.00S,1,1610612740,NOP,203482,Olynyk,K. Olynyk,1,26,3,Made,1,5,14,19,v,Olynyk 3' Layup (8 PTS),Made Shot,Layup Shot,1,2,32
0022400872,43,PT08M31.00S,1,1610612762,UTA,1641729,Sensabaugh,B. Sensabaugh,-37,282,28,Missed,1,,,0,h,MISS Sensabaugh 28' 3PT Jump Shot,Missed Shot,Jump Shot,1,3,33
0022400872,44,PT08M27.00S,1,1610612740,NOP,203468,McCollum,C. McCollum,0,0,0,,0,,,0,v,McCollum REBOUND (Off:0 Def:1),Rebound,Unknown,1,0,34
0022400872,45,PT08M21.00S,1,1610612740,NOP,1629627,Williamson,Z. Williamson,-28,10,3,Made,1,5,16,21,v,Williamson 3' Alley Oop Layup (2 PTS) (McCollum 1 AST),Made Shot,Alley Oop Layup shot,1,2,35
0022400872,47,PT08M01.00S,1,1610612762,UTA,1641729,Sensabaugh,B. Sensabaugh,-32,31,4,Made,1,7,16,23,h,Sensabaugh 4' Driving Layup (7 PTS) (Collier 1 AST),Made Shot,Driving Layup Shot,1,2,36
0022400872,49,PT07M52.00S,1,1610612740,NOP,203482,Olynyk,K. Olynyk,-45,34,6,Made,1,7,18,25,v,Olynyk 6' Fadeaway Jumper (10 PTS) (Williamson 2 AST),Made Shot,Fadeaway Jump Shot,1,2,37
0022400872,51,PT07M36.00S,1,1610612762,UTA,1641729,Sensabaugh,B. Sensabaugh,-121,220,25,Missed,1,,,0,h,MISS Sensabaugh 25' 3PT Pullup Jump Shot,Missed Shot,Pullup Jump shot,1,3,38
0022400872,52,PT07M34.00S,1,0,,1610612740,,,0,0,0,,0,,,0,v,Pelicans Rebound,Rebound,Unknown,1,0,39
0022400872,53,PT07M34.00S,1,1610612762,UTA,1630548,Juzang,J. Juzang,0,0,0,,0,,,0,h,Juzang L.B.FOUL (P1.T1) (M.Dagher),Foul,Loose Ball,1,0,40
0022400872,55,PT07M27.00S,1,1610612740,NOP,203482,Olynyk,K. Olynyk,21,41,5,Made,1,7,20,27,v,Olynyk 5' Hook Shot (12 PTS) (Williamson 3 AST),Made Shot,Hook Shot,1,2,41
0022400872,57,PT07M12.00S,1,1610612762,UTA,1630548,Juzang,J. Juzang,232,21,0,Made,1,10,20,30,h,Juzang 3PT Jump Shot (3 PTS) (Filipowski 3 AST),Made Shot,Jump Shot,1,3,42
0022400872,59,PT07M04.00S,1,1610612740,NOP,1630530,Murphy III,T. Murphy III,28,281,28,Missed,1,,,0,v,MISS Murphy III 28' 3PT Jump Shot,Missed Shot,Jump Shot,1,3,43
0022400872,60,PT07M00.00S,1,1610612762,UTA,1642271,Filipowski,K. Filipowski,0,0,0,,0,,,0,h,Filipowski REBOUND (Off:2 Def:3),Rebound,Unknown,1,0,44
0022400872,61,PT06M49.00S,1,1610612762,UTA,1641729,Sensabaugh,B. Sensabaugh,-121,-26,12,Made,1,12,20,32,h,Sensabaugh 12' Pullup Jump Shot (9 PTS) (Martin 1 AST),Made Shot,Pullup Jump shot,1,2,45
0022400872,63,PT06M41.00S,1,1610612740,NOP,1630530,Murphy III,T. Murphy III,214,159,27,Missed,1,,,0,v,MISS Murphy III 27' 3PT Jump Shot,Missed Shot,Jump Shot,1,3,46
0022400872,64,PT06M38.00S,1,1610612762,UTA,1642268,Collier,I. Collier,0,0,0,,0,,,0,h,Collier REBOUND (Off:0 Def:1),Rebound,Unknown,1,0,47
0022400872,65,PT06M33.00S,1,1610612762,UTA,1642271,Filipowski,K. Filipowski,-148,205,25,Made,1,15,20,35,h,Filipowski 25' 3PT Running Jump Shot (3 PTS) (Collier 2 AST),Made Shot,Running Jump Shot,1,3,48
0022400872,67,PT06M30.00S,1,0,,1610612740,,,0,0,0,,0,,,0,v,Pelicans Timeout: Regular (Reg.1 Short 0),Timeout,Regular,0,0,49
0022400872,68,PT06M30.00S,1,1610612762,UTA,1642268,Collier,I. Collier,0,0,0,,0,,,0,h,SUB: Williams FOR Collier,Substitution,,0,0,50
0022400872,69,PT06M30.00S,1,1610612762,UTA,1641729,Sensabaugh,B. Sensabaugh,0,0,0,,0,,,0,h,SUB: George FOR Sensabaugh,Substitution,,0,0,51
0022400872,70,PT06M30.00S,1,1610612740,NOP,1629627,Williamson,Z. Williamson,0,0,0,,0,,,0,v,SUB: Hawkins FOR Williamson,Substitution,,0,0,52
0022400872,74,PT06M16.00S,1,1610612762,UTA,1630231,Martin,K. Martin,0,0,0,,0,,,0,h,Martin S.FOUL (P1.T2) (M.Dagher),Foul,Shooting,1,0,53
0022400872,76,PT06M16.00S,1,1610612740,NOP,203482,Olynyk,K. Olynyk,0,0,0,,0,15,21,36,v,Olynyk Free Throw 1 of 2 (13 PTS),Free Throw,Free Throw 1 of 2,1,0,54
0022400872,77,PT06M16.00S,1,1610612740,NOP,203482,Olynyk,K. Olynyk,0,0,0,,0,15,22,37,v,Olynyk Free Throw 2 of 2 (14 PTS),Free Throw,Free Throw 2 of 2,1,0,55
0022400872,78,PT06M03.00S,1,1610612762,UTA,1630548,Juzang,J. Juzang,0,0,0,,0,,,0,h,Juzang Bad Pass Turnover (P1.T2),Turnover,Bad Pass,1,0,56
0022400872,78,PT06M03.00S,1,1610612740,NOP,203482,Olynyk,K. Olynyk,0,0,0,,0,,,0,v,Olynyk STEAL (1 STL),,,1,0,57
0022400872,80,PT05M57.00S,1,1610612740,NOP,1641722,Hawkins,J. Hawkins,-195,155,25,Missed,1,,,0,v,MISS Hawkins 25' 3PT Running Jump Shot,Missed Shot,Running Jump Shot,1,3,58
0022400872,81,PT05M55.00S,1,1610612762,UTA,1630548,Juzang,J. Juzang,0,0,0,,0,,,0,h,Juzang REBOUND (Off:0 Def:1),Rebound,Unknown,1,0,59
0022400872,82,PT05M53.00S,1,1610612762,UTA,1642271,Filipowski,K. Filipowski,0,0,0,,0,,,0,h,Filipowski Step Out of Bounds Turnover (P2.T3),Turnover,Step Out of Bounds Turnover,1,0,60
0022400872,83,PT05M39.00S,1,1610612740,NOP,1641722,Hawkins,J. Hawkins,0,0,0,,0,,,0,v,Hawkins Out of Bounds Lost Ball Turnover (P1.T1),Turnover,Out of Bounds Lost Ball Turnover,1,0,61
0022400872,84,PT05M20.00S,1,1610612762,UTA,1630231,Martin,K. Martin,17,-7,2,Missed,1,,,0,h,MISS Martin 2' Driving Reverse Dunk Shot,Missed Shot,Driving Reverse Dunk Shot,1,2,62
0022400872,85,PT05M18.00S,1,1610612740,NOP,1642274,Missi,Y. Missi,0,0,0,,0,,,0,v,Missi REBOUND (Off:0 Def:1),Rebound,Unknown,1,0,63
0022400872,86,PT05M14.00S,1,1610612740,NOP,203468,McCollum,C. McCollum,-40,70,8,Made,1,15,24,39,v,McCollum 8' Running Pull-Up Jump Shot (5 PTS),Made Shot,Running Pull-Up Jump Shot,1,2,64
0022400872,88,PT05M04.00S,1,1610612762,UTA,1642271,Filipowski,K. Filipowski,0,0,0,,0,,,0,h,SUB: Springer FOR Filipowski,Substitution,,0,0,65
0022400872,89,PT05M04.00S,1,1610612762,UTA,1630548,Juzang,J. Juzang,0,0,0,,0,,,0,h,SUB: Tshiebwe FOR Juzang,Substitution,,0,0,66
0022400872,90,PT05M04.00S,1,1610612762,UTA,1630231,Martin,K. Martin,0,0,0,,0,,,0,h,SUB: Potter FOR Martin,Substitution,,0,0,67
0022400872,91,PT05M04.00S,1,1610612740,NOP,203482,Olynyk,K. Olynyk,0,0,0,,0,,,0,v,SUB: Matković FOR Olynyk,Substitution,,0,0,68
0022400872,92,PT05M04.00S,1,1610612740,NOP,1642274,Missi,Y. Missi,0,0,0,,0,,,0,v,SUB: Brown FOR Missi,Substitution,,0,0,69
0022400872,98,PT04M51.00S,1,1610612762,UTA,1641718,George,K. George,219,125,25,Missed,1,,,0,h,MISS George 25' 3PT Jump Shot,Missed Shot,Jump Shot,1,3,70
0022400872,99,PT04M47.00S,1,1610612740,NOP,1641722,Hawkins,J. Hawkins,0,0,0,,0,,,0,v,Hawkins REBOUND (Off:0 Def:1),Rebound,Unknown,1,0,71
0022400872,100,PT04M37.00S,1,1610612740,NOP,203468,McCollum,C. McCollum,118,111,16,Missed,1,,,0,v,MISS McCollum 16' Pullup Jump Shot,Missed Shot,Pullup Jump shot,1,2,72
0022400872,101,PT04M35.00S,1,1610612762,UTA,1641718,George,K. George,0,0,0,,0,,,0,h,George REBOUND (Off:0 Def:1),Rebound,Unknown,1,0,73
0022400872,102,PT04M30.00S,1,1610612762,UTA,1631131,Tshiebwe,O. Tshiebwe,-12,16,2,Missed,1,,,0,h,MISS Tshiebwe 2' Running Layup,Missed Shot,Running Layup Shot,1,2,74
0022400872,103,PT04M27.00S,1,1610612740,NOP,1641722,Hawkins,J. Hawkins,0,0,0,,0,,,0,v,Hawkins REBOUND (Off:0 Def:2),Rebound,Unknown,1,0,75
0022400872,104,PT04M06.00S,1,1610612740,NOP,203468,McCollum,C. McCollum,-38,34,5,Made,1,15,26,41,v,McCollum 5' Driving Layup (7 PTS) (Murphy III 2 AST),Made Shot,Driving Layup Shot,1,2,76
0022400872,106,PT03M51.00S,1,1610612762,UTA,1630695,Potter,M. Potter,-230,-5,0,Made,1,18,26,44,h,Potter 3PT Jump Shot (3 PTS) (George 1 AST),Made Shot,Jump Shot,1,3,77
0022400872,108,PT03M33.00S,1,1610612740,NOP,1630530,Murphy III,T. Murphy III,6,46,5,Made,1,18,28,46,v,Murphy III 5' Driving Dunk (5 PTS),Made Shot,Driving Dunk Shot,1,2,78
0022400872,110,PT03M11.00S,1,1610612762,UTA,1642262,Williams,C. Williams,-38,59,7,Missed,1,,,0,h,MISS Williams 7' Driving Layup,Missed Shot,Driving Layup Shot,1,2,79
0022400872,110,PT03M11.00S,1,1610612740,NOP,1631255,Matković,K. Matković,0,0,0,,0,,,0,v,Matković BLOCK (1 BLK),,,1,2,80
0022400872,112,PT03M11.00S,1,0,,1610612762,,,0,0,0,,0,,,0,h,JAZZ Rebound,Rebound,Unknown,1,0,81
0022400872,114,PT03M11.00S,1,1610612740,NOP,203468,McCollum,C. McCollum,0,0,0,,0,,,0,v,SUB: Alvarado FOR McCollum,Substitution,,0,0,82
0022400872,116,PT03M11.00S,1,0,,1610612762,,,0,0,0,,0,,,0,h,JAZZ Turnover: 5 Second Violation (T#4),Turnover,5 Second Violation,0,0,83
0022400872,117,PT02M54.00S,1,1610612740,NOP,1628971,Brown,B. Brown,224,8,0,Missed,1,,,0,v,MISS Brown 3PT Jump Shot,Missed Shot,Jump Shot,1,3,84
0022400872,118,PT02M51.00S,1,1610612740,NOP,1628971,Brown,B. Brown,0,0,0,,0,,,0,v,Brown REBOUND (Off:1 Def:0),Rebound,Unknown,1,0,85
0022400872,119,PT02M44.00S,1,1610612740,NOP,1630530,Murphy III,T. Murphy III,0,0,0,,0,,,0,v,Murphy III Bad Pass Turnover (P1.T2),Turnover,Bad Pass,1,0,86
0022400872,119,PT02M44.00S,1,1610612762,UTA,1630695,Potter,M. Potter,0,0,0,,0,,,0,h,Potter STEAL (1 STL),,,1,0,87
0022400872,121,PT02M39.00S,1,1610612762,UTA,1630531,Springer,J. Springer,37,26,5,Made,1,20,28,48,h,Springer 5' Running Layup (2 PTS) (Potter 1 AST),Made Shot,Running Layup Shot,1,2,88
0022400872,123,PT02M20.00S,1,1610612740,NOP,1631255,Matković,K. Matković,17,27,3,Made,1,20,30,50,v,Matković 3' Cutting Dunk Shot (2 PTS) (Hawkins 1 AST),Made Shot,Cutting Dunk Shot,1,2,89
0022400872,125,PT02M06.00S,1,1610612762,UTA,1630695,Potter,M. Potter,94,263,28,Missed,1,,,0,h,MISS Potter 28' 3PT Jump Shot,Missed Shot,Jump Shot,1,3,90
0022400872,126,PT02M05.00S,1,0,,1610612740,,,0,0,0,,0,,,0,v,Pelicans Rebound,Rebound,Unknown,1,0,91
0022400872,128,PT01M51.00S,1,1610612740,NOP,1630530,Murphy III,T. Murphy III,0,0,0,,0,,,0,v,Murphy III Out of Bounds - Bad Pass Turnover Turnover (P2.T3),Turnover,Out of Bounds - Bad Pass Turnover,1,0,92
0022400872,129,PT01M51.00S,1,1610612740,NOP,1630530,Murphy III,T. Murphy III,0,0,0,,0,,,0,v,SUB: Williamson FOR Murphy III,Substitution,,0,0,93
0022400872,131,PT01M39.00S,1,1610612762,UTA,1641718,George,K. George,-50,32,6,Made,1,22,30,52,h,George 6' Driving Finger Roll Layup (2 PTS),Made Shot,Driving Finger Roll Layup Shot,1,2,94
0022400872,132,PT01M19.00S,1,1610612740,NOP,1629627,Williamson,Z. Williamson,-66,36,8,Missed,1,,,0,v,MISS Williamson 8' Driving Layup,Missed Shot,Driving Layup Shot,1,2,95
0022400872,133,PT01M17.00S,1,1610612762,UTA,1630695,Potter,M. Potter,0,0,0,,0,,,0,h,Potter REBOUND (Off:0 Def:1),Rebound,Unknown,1,0,96
0022400872,134,PT01M12.00S,1,1610612740,NOP,1631255,Matković,K. Matković,0,0,0,,0,,,0,v,Matković S.FOUL (P1.T1) (D.Richardson),Foul,Shooting,1,0,97
0022400872,136,PT01M12.00S,1,1610612762,UTA,1630531,Springer,J. Springer,0,0,0,,0,,,0,h,MISS Springer Free Throw 1 of 2,Free Throw,Free Throw 1 of 2,1,0,98
0022400872,137,PT01M12.00S,1,0,,1610612762,,,0,0,0,,0,,,0,h,JAZZ Rebound,Rebound,Normal Rebound,0,0,99
0022400872,138,PT01M12.00S,1,1610612762,UTA,1630531,Springer,J. Springer,0,0,0,,0,,,0,h,MISS Springer Free Throw 2 of 2,Free Throw,Free Throw 2 of 2,1,0,100
0022400872,139,PT01M10.00S,1,1610612740,NOP,1628971,Brown,B. Brown,0,0,0,,0,,,0,v,Brown REBOUND (Off:1 Def:1),Rebound,Unknown,1,0,101
0022400872,140,PT00M56.00S,1,1610612740,NOP,1631255,Matković,K. Matković,-225,21,0,Missed,1,,,0,v,MISS Matković 3PT Jump Shot,Missed Shot,Jump Shot,1,3,102
0022400872,141,PT00M52.40S,1,1610612762,UTA,1641718,George,K. George,0,0,0,,0,,,0,h,George REBOUND (Off:0 Def:2),Rebound,Unknown,1,0,103
0022400872,142,PT00M50.40S,1,1610612762,UTA,1631131,Tshiebwe,O. Tshiebwe,9,22,2,Made,1,24,30,54,h,Tshiebwe 2' Running Dunk (2 PTS) (George 2 AST),Made Shot,Running Dunk Shot,1,2,104
0022400872,144,PT00M38.40S,1,1610612740,NOP,1641722,Hawkins,J. Hawkins,-103,284,30,Missed,1,,,0,v,MISS Hawkins 30' 3PT Jump Shot,Missed Shot,Jump Shot,1,3,105
0022400872,145,PT00M35.80S,1,1610612762,UTA,1631131,Tshiebwe,O. Tshiebwe,0,0,0,,0,,,0,h,Tshiebwe REBOUND (Off:0 Def:1),Rebound,Unknown,1,0,106
0022400872,146,PT00M24.90S,1,1610612762,UTA,1642262,Williams,C. Williams,50,31,6,Made,1,26,30,56,h,Williams 6' Driving Layup (2 PTS),Made Shot,Driving Layup Shot,1,2,107
0022400872,147,PT00M05.60S,1,1610612740,NOP,1629627,Williamson,Z. Williamson,-72,64,10,Missed,1,,,0,v,MISS Williamson 10' Driving Layup,Missed Shot,Driving Layup Shot,1,2,108
0022400872,147,PT00M05.60S,1,1610612762,UTA,1630531,Springer,J. Springer,0,0,0,,0,,,0,h,Springer BLOCK (1 BLK),,,1,2,109
0022400872,149,PT00M05.60S,1,0,,1610612740,,,0,0,0,,0,,,0,v,Pelicans Rebound,Rebound,Unknown,0,0,110
0022400872,151,PT00M04.60S,1,1610612740,NOP,1641722,Hawkins,J. Hawkins,-230,-4,0,Missed,1,,,0,v,MISS Hawkins 3PT Jump Shot,Missed Shot,Jump Shot,1,3,111
0022400872,152,PT00M01.20S,1,1610612762,UTA,1631131,Tshiebwe,O. Tshiebwe,0,0,0,,0,,,0,h,Tshiebwe REBOUND (Off:0 Def:2),Rebound,Unknown,1,0,112
0022400872,153,PT00M00.00S,1,0,,0,,,0,0,0,,0,26,30,56,,End of 1st Period (8:34 PM EST),period,end,1,0,113
0022400872,156,PT12M00.00S,2,0,,0,,,0,0,0,,0,26,30,56,,Start of 2nd Period (8:37 PM EST),period,start,0,0,114
0022400872,157,PT11M48.00S,2,1610612740,NOP,1628971,Brown,B. Brown,13,18,2,Made,1,26,32,58,v,Brown 2' Cutting Layup Shot (2 PTS) (Williamson 4 AST),Made Shot,Cutting Layup Shot,1,2,115
0022400872,159,PT11M29.00S,2,1610612762,UTA,1641718,George,K. George,0,0,0,,0,,,0,h,George Lost Ball Turnover (P1.T5),Turnover,Lost Ball,1,0,116
0022400872,159,PT11M29.00S,2,1610612740,NOP,1629627,Williamson,Z. Williamson,0,0,0,,0,,,0,v,Williamson STEAL (2 STL),,,1,0,117
0022400872,161,PT11M22.00S,2,1610612740,NOP,1641722,Hawkins,J. Hawkins,-65,253,26,Made,1,26,35,61,v,Hawkins 26' 3PT Running Jump Shot (3 PTS) (Williamson 5 AST),Made Shot,Running Jump Shot,1,3,118
0022400872,163,PT11M08.00S,2,1610612740,NOP,1631255,Matković,K. Matković,0,0,0,,0,,,0,v,Matković S.FOUL (P2.T1) (M.Dagher),Foul,Shooting,1,0,119
0022400872,165,PT11M08.00S,2,1610612762,UTA,1630531,Springer,J. Springer,0,0,0,,0,27,35,62,h,Springer Free Throw 1 of 2 (3 PTS),Free Throw,Free Throw 1 of 2,1,0,120
0022400872,166,PT11M08.00S,2,1610612762,UTA,1630531,Springer,J. Springer,0,0,0,,0,28,35,63,h,Springer Free Throw 2 of 2 (4 PTS),Free Throw,Free Throw 2 of 2,1,0,121
0022400872,167,PT10M54.00S,2,1610612740,NOP,1629627,Williamson,Z. Williamson,-31,34,5,Made,1,28,37,65,v,Williamson 5' Driving Layup (4 PTS) (Alvarado 1 AST),Made Shot,Driving Layup Shot,1,2,122
0022400872,169,PT10M54.00S,2,1610612762,UTA,1642271,Filipowski,K. Filipowski,0,0,0,,0,,,0,h,Filipowski S.FOUL (P1.T1) (M.Dagher),Foul,Shooting,1,0,123
0022400872,171,PT10M54.00S,2,1610612740,NOP,1629627,Williamson,Z. Williamson,0,0,0,,0,,,0,v,MISS Williamson Free Throw 1 of 1,Free Throw,Free Throw 1 of 1,1,0,124
0022400872,172,PT10M51.00S,2,1610612762,UTA,1641718,George,K. George,0,0,0,,0,,,0,h,George REBOUND (Off:0 Def:3),Rebound,Unknown,1,0,125
0022400872,173,PT10M40.00S,2,1610612762,UTA,1630695,Potter,M. Potter,232,16,0,Made,1,31,37,68,h,Potter 3PT Jump Shot (6 PTS) (Williams 1 AST),Made Shot,Jump Shot,1,3,126
0022400872,175,PT10M22.00S,2,1610612740,NOP,1630631,Alvarado,J. Alvarado,-175,191,26,Missed,1,,,0,v,MISS Alvarado 26' 3PT Jump Shot,Missed Shot,Jump Shot,1,3,127
0022400872,176,PT10M20.00S,2,1610612762,UTA,1642271,Filipowski,K. Filipowski,0,0,0,,0,,,0,h,Filipowski REBOUND (Off:2 Def:4),Rebound,Unknown,1,0,128
0022400872,177,PT10M15.00S,2,1610612762,UTA,1642271,Filipowski,K. Filipowski,7,93,9,Made,1,33,37,70,h,Filipowski 9' Running Layup (5 PTS),Made Shot,Running Layup Shot,1,2,129
0022400872,178,PT10M15.00S,2,1610612740,NOP,1631255,Matković,K. Matković,0,0,0,,0,,,0,v,Matković S.FOUL (P3.T2) (B.Forte),Foul,Shooting,1,0,130
0022400872,180,PT10M15.00S,2,1610612762,UTA,1641718,George,K. George,0,0,0,,0,,,0,h,SUB: Collier FOR George,Substitution,,0,0,131
0022400872,181,PT10M15.00S,2,1610612762,UTA,1642262,Williams,C. Williams,0,0,0,,0,,,0,h,SUB: Sensabaugh FOR Williams,Substitution,,0,0,132
0022400872,184,PT10M15.00S,2,1610612740,NOP,1631255,Matković,K. Matković,0,0,0,,0,,,0,v,SUB: Missi FOR Matković,Substitution,,0,0,133
0022400872,186,PT10M15.00S,2,1610612762,UTA,1642271,Filipowski,K. Filipowski,0,0,0,,0,,,0,h,MISS Filipowski Free Throw 1 of 1,Free Throw,Free Throw 1 of 1,1,0,134
0022400872,187,PT10M13.00S,2,1610612740,NOP,1641722,Hawkins,J. Hawkins,0,0,0,,0,,,0,v,Hawkins REBOUND (Off:0 Def:3),Rebound,Unknown,1,0,135
0022400872,188,PT10M01.00S,2,1610612740,NOP,1642274,Missi,Y. Missi,13,25,3,Made,1,33,39,72,v,Missi 3' Alley Oop Dunk (2 PTS) (Hawkins 2 AST),Made Shot,Alley Oop Dunk Shot,1,2,136
0022400872,190,PT09M48.00S,2,1610612762,UTA,1642271,Filipowski,K. Filipowski,203,166,26,Missed,1,,,0,h,MISS Filipowski 26' 3PT Jump Shot,Missed Shot,Jump Shot,1,3,137
0022400872,191,PT09M45.00S,2,1610612740,NOP,1629627,Williamson,Z. Williamson,0,0,0,,0,,,0,v,Williamson REBOUND (Off:0 Def:3),Rebound,Unknown,1,0,138
0022400872,192,PT09M36.00S,2,1610612740,NOP,1630631,Alvarado,J. Alvarado,174,200,27,Missed,1,,,0,v,MISS Alvarado 27' 3PT Jump Shot,Missed Shot,Jump Shot,1,3,139
0022400872,193,PT09M34.00S,2,1610612740,NOP,1641722,Hawkins,J. Hawkins,0,0,0,,0,,,0,v,Hawkins REBOUND (Off:1 Def:3),Rebound,Unknown,1,0,140
0022400872,194,PT09M32.00S,2,1610612740,NOP,1641722,Hawkins,J. Hawkins,-33,33,5,Missed,1,,,0,v,MISS Hawkins 5' Putback Layup,Missed Shot,Putback Layup Shot,1,2,141
0022400872,194,PT09M32.00S,2,1610612762,UTA,1642268,Collier,I. Collier,0,0,0,,0,,,0,h,Collier BLOCK (1 BLK),,,1,2,142
0022400872,196,PT09M32.00S,2,0,,1610612740,,,0,0,0,,0,,,0,v,Pelicans Rebound,Rebound,Unknown,1,0,143
0022400872,198,PT09M25.00S,2,1610612740,NOP,1629627,Williamson,Z. Williamson,-53,96,11,Made,1,33,41,74,v,Williamson 11' Driving Floating Jump Shot (6 PTS),Made Shot,Driving Floating Jump Shot,1,2,144
0022400872,200,PT09M03.00S,2,1610612762,UTA,1642271,Filipowski,K. Filipowski,11,77,8,Made,1,35,41,76,h,Filipowski 8' Floating Jump Shot (7 PTS) (Collier 3 AST),Made Shot,Floating Jump shot,1,2,145
0022400872,202,PT08M55.00S,2,1610612762,UTA,1630531,Springer,J. Springer,0,0,0,,0,,,0,h,Springer P.FOUL (P1.T2) (D.Richardson),Foul,Personal,1,0,146
0022400872,204,PT08M50.00S,2,1610612762,UTA,1630695,Potter,M. Potter,0,0,0,,0,,,0,h,Potter Violation:Kicked Ball (B.Forte),Violation,Kicked Ball,0,0,147
0022400872,205,PT08M45.00S,2,1610612740,NOP,1629627,Williamson,Z. Williamson,0,0,0,,0,,,0,v,Williamson OFF.Foul (P1) (D.Richardson),Foul,Offensive,1,0,148
0022400872,207,PT08M45.00S,2,1610612740,NOP,1629627,Williamson,Z. Williamson,0,0,0,,0,,,0,v,Williamson Offensive Foul Turnover (P1.T4),Turnover,Offensive Foul Turnover,1,0,149
0022400872,208,PT08M35.00S,2,1610612762,UTA,1641729,Sensabaugh,B. Sensabaugh,-113,224,25,Missed,1,,,0,h,MISS Sensabaugh 25' 3PT Jump Shot,Missed Shot,Jump Shot,1,3,150
0022400872,209,PT08M32.00S,2,1610612740,NOP,1628971,Brown,B. Brown,0,0,0,,0,,,0,v,Brown REBOUND (Off:1 Def:2),Rebound,Unknown,1,0,151
0022400872,210,PT08M23.00S,2,1610612740,NOP,1629627,Williamson,Z. Williamson,-45,38,6,Missed,1,,,0,v,MISS Williamson 6' Driving Layup,Missed Shot,Driving Layup Shot,1,2,152
0022400872,211,PT08M21.00S,2,1610612740,NOP,1629627,Williamson,Z. Williamson,0,0,0,,0,,,0,v,Williamson REBOUND (Off:1 Def:3),Rebound,Unknown,1,0,153
0022400872,212,PT08M20.00S,2,1610612740,NOP,1629627,Williamson,Z. Williamson,-29,11,3,Made,1,35,43,78,v,Williamson 3' Putback Layup (8 PTS),Made Shot,Putback Layup Shot,1,2,154
0022400872,213,PT08M06.00S,2,1610612762,UTA,1641729,Sensabaugh,B. Sensabaugh,28,3,3,Made,1,37,43,80,h,Sensabaugh 3' Cutting Layup Shot (11 PTS) (Filipowski 4 AST),Made Shot,Cutting Layup Shot,1,2,155
0022400872,215,PT07M50.00S,2,1610612740,NOP,1641722,Hawkins,J. Hawkins,70,130,15,Made,1,37,45,82,v,Hawkins 15' Pullup Jump Shot (5 PTS),Made Shot,Pullup Jump shot,1,2,156
0022400872,217,PT07M41.00S,2,1610612762,UTA,1641729,Sensabaugh,B. Sensabaugh,0,0,0,,0,,,0,h,Sensabaugh Out of Bounds Lost Ball Turnover (P1.T6),Turnover,Out of Bounds Lost Ball Turnover,0,0,157
0022400872,218,PT07M41.00S,2,1610612762,UTA,1630531,Springer,J. Springer,0,0,0,,0,,,0,h,SUB: Juzang FOR Springer,Substitution,,0,0,158
0022400872,219,PT07M41.00S,2,1610612762,UTA,1630695,Potter,M. Potter,0,0,0,,0,,,0,h,SUB: Tshiebwe FOR Potter,Substitution,,0,0,159
0022400872,220,PT07M41.00S,2,1610612762,UTA,1642271,Filipowski,K. Filipowski,0,0,0,,0,,,0,h,SUB: Martin FOR Filipowski,Substitution,,0,0,160
0022400872,221,PT07M41.00S,2,1610612740,NOP,1629627,Williamson,Z. Williamson,0,0,0,,0,,,0,v,SUB: Murphy III FOR Williamson,Substitution,,0,0,161
0022400872,226,PT07M31.00S,2,1610612740,NOP,1641722,Hawkins,J. Hawkins,0,253,25,Missed,1,,,0,v,MISS Hawkins 25' 3PT Jump Shot,Missed Shot,Jump Shot,1,3,162
0022400872,227,PT07M27.00S,2,1610612740,NOP,1630530,Murphy III,T. Murphy III,0,0,0,,0,,,0,v,Murphy III REBOUND (Off:1 Def:0),Rebound,Unknown,1,0,163
0022400872,228,PT07M27.00S,2,1610612740,NOP,1630530,Murphy III,T. Murphy III,0,0,0,,0,,,0,v,Murphy III Backcourt Turnover (P3.T5),Turnover,Backcourt Turnover,1,0,164
0022400872,229,PT07M15.00S,2,1610612762,UTA,1642268,Collier,I. Collier,-40,58,7,Made,1,39,45,84,h,Collier 7' Driving Floating Jump Shot (2 PTS),Made Shot,Driving Floating Jump Shot,1,2,165
0022400872,230,PT06M51.00S,2,1610612740,NOP,1630631,Alvarado,J. Alvarado,93,236,25,Missed,1,,,0,v,MISS Alvarado 25' 3PT Jump Shot,Missed Shot,Jump Shot,1,3,166
0022400872,231,PT06M46.00S,2,1610612740,NOP,1642274,Missi,Y. Missi,0,0,0,,0,,,0,v,Missi REBOUND (Off:1 Def:1),Rebound,Unknown,1,0,167
0022400872,232,PT06M45.00S,2,1610612740,NOP,1641722,Hawkins,J. Hawkins,-230,89,25,Made,1,39,48,87,v,Hawkins 25' 3PT Jump Shot (8 PTS) (Alvarado 2 AST),Made Shot,Jump Shot,1,3,168
0022400872,234,PT06M37.00S,2,1610612762,UTA,1630231,Martin,K. Martin,0,0,0,,0,,,0,h,Martin Bad Pass Turnover (P1.T7),Turnover,Bad Pass,0,0,169
0022400872,234,PT06M37.00S,2,1610612740,NOP,1628971,Brown,B. Brown,0,0,0,,0,,,0,v,Brown STEAL (1 STL),,,0,0,170
0022400872,236,PT06M33.00S,2,1610612740,NOP,1628971,Brown,B. Brown,-11,1,1,Made,1,39,50,89,v,Brown 1' Layup (4 PTS),Made Shot,Layup Shot,0,2,171
0022400872,237,PT06M24.00S,2,1610612762,UTA,1641729,Sensabaugh,B. Sensabaugh,-9,55,6,Missed,1,,,0,h,MISS Sensabaugh 6' Driving Finger Roll Layup,Missed Shot,Driving Finger Roll Layup Shot,1,2,172
0022400872,238,PT06M22.00S,2,1610612762,UTA,1631131,Tshiebwe,O. Tshiebwe,0,0,0,,0,,,0,h,Tshiebwe REBOUND (Off:1 Def:2),Rebound,Unknown,1,0,173
0022400872,240,PT06M22.00S,2,0,,1610612762,,,0,0,0,,0,,,0,h,JAZZ Timeout: Regular (Full 2 Short 0),Timeout,Regular,0,0,174
0022400872,241,PT06M22.00S,2,1610612740,NOP,1641722,Hawkins,J. Hawkins,0,0,0,,0,,,0,v,SUB: McCollum FOR Hawkins,Substitution,,0,0,175
0022400872,243,PT06M15.00S,2,1610612762,UTA,1630548,Juzang,J. Juzang,-229,-8,0,Missed,1,,,0,h,MISS Juzang 3PT Jump Shot,Missed Shot,Jump Shot,1,3,176
0022400872,244,PT06M09.00S,2,1610612740,NOP,1628971,Brown,B. Brown,0,0,0,,0,,,0,v,Brown REBOUND (Off:1 Def:3),Rebound,Unknown,1,0,177
0022400872,245,PT05M51.00S,2,1610612740,NOP,203468,McCollum,C. McCollum,-82,241,25,Missed,1,,,0,v,MISS McCollum 25' 3PT Step Back Jump Shot,Missed Shot,Step Back Jump shot,1,3,178
0022400872,246,PT05M48.00S,2,1610612762,UTA,1642268,Collier,I. Collier,0,0,0,,0,,,0,h,Collier REBOUND (Off:0 Def:2),Rebound,Unknown,1,0,179
0022400872,247,PT05M35.00S,2,1610612762,UTA,1641729,Sensabaugh,B. Sensabaugh,-230,-12,0,Made,1,42,50,92,h,Sensabaugh 3PT Jump Shot (14 PTS) (Collier 4 AST),Made Shot,Jump Shot,1,3,180
0022400872,249,PT05M16.00S,2,1610612740,NOP,1630530,Murphy III,T. Murphy III,0,0,0,,0,,,0,v,Murphy III Lost Ball Turnover (P4.T6),Turnover,Lost Ball,1,0,181
0022400872,249,PT05M16.00S,2,1610612762,UTA,1642268,Collier,I. Collier,0,0,0,,0,,,0,h,Collier STEAL (1 STL),,,1,0,182
0022400872,251,PT05M11.00S,2,1610612762,UTA,1630231,Martin,K. Martin,11,40,4,Made,1,44,50,94,h,Martin 4' Running Dunk (2 PTS) (Collier 5 AST),Made Shot,Running Dunk Shot,1,2,183
0022400872,252,PT04M56.00S,2,1610612740,NOP,1630530,Murphy III,T. Murphy III,-233,33,24,Missed,1,,,0,v,MISS Murphy III 24' 3PT Jump Shot,Missed Shot,Jump Shot,1,3,184
0022400872,253,PT04M54.00S,2,1610612762,UTA,1631131,Tshiebwe,O. Tshiebwe,0,0,0,,0,,,0,h,Tshiebwe REBOUND (Off:1 Def:3),Rebound,Unknown,1,0,185
0022400872,254,PT04M51.00S,2,1610612740,NOP,203468,McCollum,C. McCollum,0,0,0,,0,,,0,v,McCollum P.FOUL (P1.T3) (M.Dagher),Foul,Personal,1,0,186
0022400872,256,PT04M51.00S,2,1610612762,UTA,1642268,Collier,I. Collier,0,0,0,,0,,,0,h,SUB: George FOR Collier,Substitution,,0,0,187
0022400872,257,PT04M51.00S,2,1610612740,NOP,1628971,Brown,B. Brown,0,0,0,,0,,,0,v,SUB: Olynyk FOR Brown,Substitution,,0,0,188
0022400872,260,PT04M38.00S,2,1610612762,UTA,1641729,Sensabaugh,B. Sensabaugh,118,9,12,Missed,1,,,0,h,MISS Sensabaugh 12' Driving Floating Jump Shot,Missed Shot,Driving Floating Jump Shot,1,2,189
0022400872,261,PT04M32.00S,2,1610612740,NOP,1630530,Murphy III,T. Murphy III,0,0,0,,0,,,0,v,Murphy III REBOUND (Off:1 Def:1),Rebound,Unknown,1,0,190
0022400872,262,PT04M30.00S,2,1610612740,NOP,203482,Olynyk,K. Olynyk,-9,37,4,Made,1,44,52,96,v,Olynyk 4' Running Layup (16 PTS) (Murphy III 3 AST),Made Shot,Running Layup Shot,1,2,191
0022400872,264,PT04M30.00S,2,1610612762,UTA,1641718,George,K. George,0,0,0,,0,,,0,h,George S.FOUL (P1.T3) (M.Dagher),Foul,Shooting,1,0,192
0022400872,266,PT04M30.00S,2,1610612740,NOP,203482,Olynyk,K. Olynyk,0,0,0,,0,,,0,v,MISS Olynyk Free Throw 1 of 1,Free Throw,Free Throw 1 of 1,1,0,193
0022400872,267,PT04M28.00S,2,1610612762,UTA,1630548,Juzang,J. Juzang,0,0,0,,0,,,0,h,Juzang REBOUND (Off:0 Def:2),Rebound,Unknown,1,0,194
0022400872,268,PT04M10.00S,2,1610612762,UTA,1641718,George,K. George,203,146,25,Made,1,47,52,99,h,George 25' 3PT Pullup Jump Shot (5 PTS),Made Shot,Pullup Jump shot,1,3,195
0022400872,269,PT03M52.00S,2,1610612740,NOP,1630530,Murphy III,T. Murphy III,20,15,3,Made,1,47,54,101,v,Murphy III 3' Reverse Layup (7 PTS) (Olynyk 2 AST),Made Shot,Reverse Layup Shot,1,2,196
0022400872,271,PT03M44.00S,2,1610612762,UTA,1630231,Martin,K. Martin,-233,25,0,Made,1,50,54,104,h,Martin 3PT Jump Shot (5 PTS) (Sensabaugh 1 AST),Made Shot,Jump Shot,1,3,197
0022400872,273,PT03M29.00S,2,1610612740,NOP,203482,Olynyk,K. Olynyk,112,238,26,Missed,1,,,0,v,MISS Olynyk 26' 3PT Jump Shot,Missed Shot,Jump Shot,1,3,198
0022400872,274,PT03M26.00S,2,1610612762,UTA,1631131,Tshiebwe,O. Tshiebwe,0,0,0,,0,,,0,h,Tshiebwe REBOUND (Off:1 Def:4),Rebound,Unknown,1,0,199
0022400872,275,PT03M14.00S,2,1610612762,UTA,1631131,Tshiebwe,O. Tshiebwe,-23,3,2,Made,1,52,54,106,h,Tshiebwe 2' Reverse Layup (4 PTS) (Sensabaugh 2 AST),Made Shot,Reverse Layup Shot,1,2,200
0022400872,277,PT03M05.00S,2,1610612740,NOP,203468,McCollum,C. McCollum,0,0,0,,0,,,0,v,McCollum Lost Ball Turnover (P1.T7),Turnover,Lost Ball,1,0,201
0022400872,277,PT03M05.00S,2,1610612762,UTA,1631131,Tshiebwe,O. Tshiebwe,0,0,0,,0,,,0,h,Tshiebwe STEAL (1 STL),,,1,0,202
0022400872,279,PT03M02.00S,2,1610612762,UTA,1641729,Sensabaugh,B. Sensabaugh,-132,219,26,Missed,1,,,0,h,MISS Sensabaugh 26' 3PT Running Pull-Up Jump Shot,Missed Shot,Running Pull-Up Jump Shot,1,3,203
0022400872,280,PT02M58.00S,2,1610612740,NOP,203482,Olynyk,K. Olynyk,0,0,0,,0,,,0,v,Olynyk REBOUND (Off:0 Def:4),Rebound,Unknown,1,0,204
0022400872,281,PT02M51.00S,2,1610612740,NOP,203468,McCollum,C. McCollum,-153,207,26,Missed,1,,,0,v,MISS McCollum 26' 3PT Jump Shot,Missed Shot,Jump Shot,1,3,205
0022400872,282,PT02M46.00S,2,1610612740,NOP,1630530,Murphy III,T. Murphy III,0,0,0,,0,,,0,v,Murphy III REBOUND (Off:2 Def:1),Rebound,Unknown,1,0,206
0022400872,283,PT02M45.00S,2,1610612740,NOP,1630530,Murphy III,T. Murphy III,-21,25,3,Made,1,52,56,108,v,Murphy III 3' Putback Layup (9 PTS),Made Shot,Putback Layup Shot,1,2,207
0022400872,284,PT02M24.00S,2,1610612762,UTA,1631131,Tshiebwe,O. Tshiebwe,-18,45,5,Made,1,54,56,110,h,Tshiebwe 5' Driving Dunk (6 PTS) (Sensabaugh 3 AST),Made Shot,Driving Dunk Shot,1,2,208
0022400872,286,PT02M24.00S,2,0,,1610612740,,,0,0,0,,0,,,0,v,Pelicans Timeout: Regular (Reg.2 Short 0),Timeout,Regular,0,0,209
0022400872,288,PT02M24.00S,2,1610612762,UTA,1630548,Juzang,J. Juzang,0,0,0,,0,,,0,h,SUB: Filipowski FOR Juzang,Substitution,,0,0,210
0022400872,289,PT02M24.00S,2,1610612762,UTA,1631131,Tshiebwe,O. Tshiebwe,0,0,0,,0,,,0,h,SUB: Collier FOR Tshiebwe,Substitution,,0,0,211
0022400872,290,PT02M24.00S,2,1610612740,NOP,1630631,Alvarado,J. Alvarado,0,0,0,,0,,,0,v,SUB: Williamson FOR Alvarado,Substitution,,0,0,212
0022400872,294,PT02M11.00S,2,1610612740,NOP,1629627,Williamson,Z. Williamson,-9,50,5,Made,1,54,58,112,v,Williamson 5' Driving Layup (10 PTS) (McCollum 2 AST),Made Shot,Driving Layup Shot,1,2,213
0022400872,295,PT01M55.00S,2,1610612762,UTA,1641718,George,K. George,83,87,12,Missed,1,,,0,h,MISS George 12' Pullup Jump Shot,Missed Shot,Pullup Jump shot,1,2,214
0022400872,296,PT01M52.00S,2,1610612740,NOP,1630530,Murphy III,T. Murphy III,0,0,0,,0,,,0,v,Murphy III REBOUND (Off:2 Def:2),Rebound,Unknown,1,0,215
0022400872,297,PT01M40.00S,2,1610612740,NOP,1642274,Missi,Y. Missi,17,27,3,Made,1,54,60,114,v,Missi 3' Driving Layup (4 PTS) (Murphy III 4 AST),Made Shot,Driving Layup Shot,1,2,216
0022400872,299,PT01M31.00S,2,1610612740,NOP,1642274,Missi,Y. Missi,0,0,0,,0,,,0,v,Missi Violation:Kicked Ball (B.Forte),Violation,Kicked Ball,0,0,217
0022400872,300,PT01M21.00S,2,1610612762,UTA,1641729,Sensabaugh,B. Sensabaugh,-232,3,0,Made,1,57,60,117,h,Sensabaugh 3PT Jump Shot (17 PTS) (George 3 AST),Made Shot,Jump Shot,1,3,218
0022400872,302,PT01M03.00S,2,1610612740,NOP,1629627,Williamson,Z. Williamson,-10,54,5,Made,1,57,62,119,v,Williamson 5' Driving Layup (12 PTS),Made Shot,Driving Layup Shot,1,2,219
0022400872,303,PT00M49.80S,2,1610612762,UTA,1642271,Filipowski,K. Filipowski,99,247,27,Missed,1,,,0,h,MISS Filipowski 27' 3PT Jump Shot,Missed Shot,Jump Shot,1,3,220
0022400872,304,PT00M47.80S,2,1610612740,NOP,203468,McCollum,C. McCollum,0,0,0,,0,,,0,v,McCollum REBOUND (Off:0 Def:2),Rebound,Unknown,1,0,221
0022400872,305,PT00M34.80S,2,1610612740,NOP,1629627,Williamson,Z. Williamson,-44,55,7,Made,1,57,64,121,v,Williamson 7' Driving Layup (14 PTS) (McCollum 3 AST),Made Shot,Driving Layup Shot,1,2,222
0022400872,307,PT00M21.00S,2,1610612762,UTA,1641718,George,K. George,39,30,5,Missed,1,,,0,h,MISS George 5' Driving Finger Roll Layup,Missed Shot,Driving Finger Roll Layup Shot,1,2,223
0022400872,308,PT00M18.60S,2,1610612740,NOP,1642274,Missi,Y. Missi,0,0,0,,0,,,0,v,Missi REBOUND (Off:1 Def:2),Rebound,Unknown,1,0,224
0022400872,309,PT00M02.60S,2,1610612740,NOP,1629627,Williamson,Z. Williamson,-43,39,6,Made,1,57,66,123,v,Williamson 6' Driving Layup (16 PTS),Made Shot,Driving Layup Shot,1,2,225
0022400872,310,PT00M00.00S,2,1610612762,UTA,1642268,Collier,I. Collier,223,255,34,Missed,1,,,0,h,MISS Collier 34' 3PT Driving Floating Jump Shot,Missed Shot,Driving Floating Jump Shot,1,3,226
0022400872,311,PT00M00.00S,2,0,,1610612762,,,0,0,0,,0,,,0,h,JAZZ Rebound,Rebound,Unknown,0,0,227
0022400872,312,PT00M00.00S,2,0,,0,,,0,0,0,,0,57,66,123,,End of 2nd Period (9:00 PM EST),period,end,1,0,228
0022400872,316,PT12M00.00S,3,0,,0,,,0,0,0,,0,57,66,123,,Start of 3rd Period (9:15 PM EST),period,start,0,0,229
0022400872,317,PT11M45.00S,3,1610612740,NOP,203468,McCollum,C. McCollum,103,245,27,Made,1,57,69,126,v,McCollum 27' 3PT Jump Shot (10 PTS) (Williamson 6 AST),Made Shot,Jump Shot,1,3,230
0022400872,319,PT11M20.00S,3,1610612762,UTA,1641729,Sensabaugh,B. Sensabaugh,64,254,26,Missed,1,,,0,h,MISS Sensabaugh 26' 3PT Pullup Jump Shot,Missed Shot,Pullup Jump shot,1,3,231
0022400872,320,PT11M17.00S,3,1610612740,NOP,1629627,Williamson,Z. Williamson,0,0,0,,0,,,0,v,Williamson REBOUND (Off:1 Def:4),Rebound,Unknown,1,0,232
0022400872,321,PT11M07.00S,3,1610612740,NOP,1630530,Murphy III,T. Murphy III,-175,183,25,Made,1,57,72,129,v,Murphy III 25' 3PT Jump Shot (12 PTS) (Williamson 7 AST),Made Shot,Jump Shot,1,3,233
0022400872,323,PT10M52.00S,3,1610612762,UTA,1630548,Juzang,J. Juzang,227,84,24,Missed,1,,,0,h,MISS Juzang 24' 3PT Jump Shot,Missed Shot,Jump Shot,1,3,234
0022400872,324,PT10M50.00S,3,1610612740,NOP,1630530,Murphy III,T. Murphy III,0,0,0,,0,,,0,v,Murphy III REBOUND (Off:2 Def:3),Rebound,Unknown,1,0,235
0022400872,325,PT10M42.00S,3,1610612740,NOP,1642274,Missi,Y. Missi,27,5,3,Made,1,57,74,131,v,Missi 3' Layup (6 PTS) (Murphy III 5 AST),Made Shot,Layup Shot,1,2,236
0022400872,327,PT10M23.00S,3,1610612762,UTA,1642268,Collier,I. Collier,-26,8,3,Made,1,59,74,133,h,Collier 3' Cutting Layup Shot (4 PTS) (Filipowski 5 AST),Made Shot,Cutting Layup Shot,1,2,237
0022400872,329,PT10M23.00S,3,1610612740,NOP,203482,Olynyk,K. Olynyk,0,0,0,,0,,,0,v,Olynyk S.FOUL (P1.T1) (M.Dagher),Foul,Shooting,1,0,238
0022400872,331,PT10M23.00S,3,1610612762,UTA,1642268,Collier,I. Collier,0,0,0,,0,60,74,134,h,Collier Free Throw 1 of 1 (5 PTS),Free Throw,Free Throw 1 of 1,1,0,239
0022400872,332,PT10M12.00S,3,1610612740,NOP,203482,Olynyk,K. Olynyk,15,50,5,Missed,1,,,0,v,MISS Olynyk 5' Turnaround Hook Shot,Missed Shot,Turnaround Hook Shot,1,2,240
0022400872,333,PT10M10.00S,3,1610612762,UTA,1642271,Filipowski,K. Filipowski,0,0,0,,0,,,0,h,Filipowski REBOUND (Off:2 Def:5),Rebound,Unknown,1,0,241
0022400872,334,PT10M00.00S,3,1610612762,UTA,1630548,Juzang,J. Juzang,225,68,24,Missed,1,,,0,h,MISS Juzang 24' 3PT Jump Shot,Missed Shot,Jump Shot,1,3,242
0022400872,335,PT09M57.00S,3,1610612740,NOP,203482,Olynyk,K. Olynyk,0,0,0,,0,,,0,v,Olynyk REBOUND (Off:0 Def:5),Rebound,Unknown,1,0,243
0022400872,336,PT09M47.00S,3,1610612740,NOP,1630530,Murphy III,T. Murphy III,16,61,6,Made,1,60,76,136,v,Murphy III 6' Driving Floating Jump Shot (14 PTS) (Olynyk 3 AST),Made Shot,Driving Floating Jump Shot,1,2,244
0022400872,337,PT09M31.00S,3,1610612762,UTA,1630231,Martin,K. Martin,0,0,0,,0,,,0,h,Martin Out of Bounds Lost Ball Turnover (P2.T8),Turnover,Out of Bounds Lost Ball Turnover,1,0,245
0022400872,339,PT09M24.00S,3,1610612740,NOP,1629627,Williamson,Z. Williamson,32,29,4,Made,1,60,78,138,v,Williamson 4' Driving Layup (18 PTS),Made Shot,Driving Layup Shot,1,2,246
0022400872,340,PT09M10.00S,3,1610612762,UTA,1630548,Juzang,J. Juzang,-31,18,4,Made,1,62,78,140,h,Juzang 4' Reverse Layup (5 PTS) (Filipowski 6 AST),Made Shot,Reverse Layup Shot,1,2,247
0022400872,342,PT09M10.00S,3,1610612740,NOP,1630530,Murphy III,T. Murphy III,0,0,0,,0,,,0,v,Murphy III S.FOUL (P1.T2) (D.Richardson),Foul,Shooting,1,0,248
0022400872,344,PT09M10.00S,3,1610612762,UTA,1630548,Juzang,J. Juzang,0,0,0,,0,63,78,141,h,Juzang Free Throw 1 of 1 (6 PTS),Free Throw,Free Throw 1 of 1,1,0,249
0022400872,345,PT08M59.00S,3,1610612740,NOP,1630530,Murphy III,T. Murphy III,6,188,19,Missed,1,,,0,v,MISS Murphy III 19' Step Back Jump Shot,Missed Shot,Step Back Jump shot,1,2,250
0022400872,346,PT08M54.00S,3,1610612762,UTA,1641729,Sensabaugh,B. Sensabaugh,0,0,0,,0,,,0,h,Sensabaugh REBOUND (Off:0 Def:1),Rebound,Unknown,1,0,251
0022400872,347,PT08M48.00S,3,1610612762,UTA,1641729,Sensabaugh,B. Sensabaugh,-9,64,6,Made,1,65,78,143,h,Sensabaugh 6' Turnaround Jump Shot (19 PTS),Made Shot,Turnaround Jump Shot,1,2,252
0022400872,348,PT08M37.00S,3,1610612740,NOP,203468,McCollum,C. McCollum,39,242,25,Missed,1,,,0,v,MISS McCollum 25' 3PT Pullup Jump Shot,Missed Shot,Pullup Jump shot,1,3,253
0022400872,349,PT08M33.00S,3,1610612740,NOP,1642274,Missi,Y. Missi,0,0,0,,0,,,0,v,Missi REBOUND (Off:2 Def:2),Rebound,Unknown,1,0,254
0022400872,350,PT08M32.00S,3,1610612740,NOP,1642274,Missi,Y. Missi,13,61,6,Missed,1,,,0,v,MISS Missi 6' Turnaround Hook Shot,Missed Shot,Turnaround Hook Shot,1,2,255
0022400872,351,PT08M29.00S,3,1610612740,NOP,203482,Olynyk,K. Olynyk,0,0,0,,0,,,0,v,Olynyk REBOUND (Off:1 Def:5),Rebound,Unknown,1,0,256
0022400872,352,PT08M29.00S,3,1610612740,NOP,203482,Olynyk,K. Olynyk,0,0,0,Missed,1,,,0,v,MISS Olynyk Tip Layup Shot,Missed Shot,Tip Layup Shot,1,2,257
0022400872,353,PT08M28.00S,3,1610612762,UTA,1642271,Filipowski,K. Filipowski,0,0,0,,0,,,0,h,Filipowski REBOUND (Off:2 Def:6),Rebound,Unknown,1,0,258
0022400872,467,PT08M28.00S,3,1610612762,UTA,1642271,Filipowski,K. Filipowski,0,0,0,,0,,,0,h,Filipowski Lost Ball Turnover (P3.T9),Turnover,Lost Ball,1,0,259
0022400872,467,PT08M28.00S,3,1610612740,NOP,1642274,Missi,Y. Missi,0,0,0,,0,,,0,v,Missi STEAL (1 STL),,,1,0,260
0022400872,354,PT08M26.00S,3,1610612740,NOP,203468,McCollum,C. McCollum,-205,146,25,Missed,1,,,0,v,MISS McCollum 25' 3PT Jump Shot,Missed Shot,Jump Shot,1,3,261
0022400872,355,PT08M23.00S,3,0,,1610612762,,,0,0,0,,0,,,0,h,JAZZ Rebound,Rebound,Unknown,1,0,262
0022400872,357,PT08M23.00S,3,0,,1610612762,,,0,0,0,,0,,,0,h,JAZZ Timeout: Regular (Full 3 Short 0),Timeout,Regular,0,0,263
0022400872,358,PT08M23.00S,3,0,,356,Morris,C. Morris,0,0,0,,0,65,78,143,,Instant Replay3rd Period (9:21 PM EST),Instant Replay,Coach Challenge Overturn Ruling,0,0,264
0022400872,359,PT08M09.00S,3,1610612762,UTA,1641729,Sensabaugh,B. Sensabaugh,-28,63,7,Made,1,67,78,145,h,Sensabaugh 7' Driving Finger Roll Layup (21 PTS) (Collier 6 AST),Made Shot,Driving Finger Roll Layup Shot,1,2,265
0022400872,360,PT07M52.00S,3,1610612762,UTA,1642271,Filipowski,K. Filipowski,0,0,0,,0,,,0,h,Filipowski P.FOUL (P2.T1) (D.Richardson),Foul,Personal,1,0,266
0022400872,362,PT07M48.00S,3,1610612740,NOP,203482,Olynyk,K. Olynyk,0,0,0,,0,,,0,v,Olynyk Out of Bounds - Bad Pass Turnover Turnover (P1.T8),Turnover,Out of Bounds - Bad Pass Turnover,1,0,267
0022400872,363,PT07M37.00S,3,1610612762,UTA,1630548,Juzang,J. Juzang,-234,65,24,Missed,1,,,0,h,MISS Juzang 24' 3PT Jump Shot,Missed Shot,Jump Shot,1,3,268
0022400872,364,PT07M34.00S,3,1610612740,NOP,1642274,Missi,Y. Missi,0,0,0,,0,,,0,v,Missi REBOUND (Off:2 Def:3),Rebound,Unknown,1,0,269
0022400872,365,PT07M20.00S,3,1610612740,NOP,1630530,Murphy III,T. Murphy III,6,272,27,Missed,1,,,0,v,MISS Murphy III 27' 3PT Jump Shot,Missed Shot,Jump Shot,1,3,270
0022400872,366,PT07M15.00S,3,1610612762,UTA,1642271,Filipowski,K. Filipowski,0,0,0,,0,,,0,h,Filipowski REBOUND (Off:2 Def:7),Rebound,Unknown,1,0,271
0022400872,367,PT06M59.00S,3,1610612762,UTA,1630231,Martin,K. Martin,223,-4,0,Missed,1,,,0,h,MISS Martin 3PT Jump Shot,Missed Shot,Jump Shot,1,3,272
0022400872,368,PT06M56.00S,3,1610612762,UTA,1630231,Martin,K. Martin,0,0,0,,0,,,0,h,Martin REBOUND (Off:1 Def:1),Rebound,Unknown,1,0,273
0022400872,369,PT06M46.00S,3,1610612762,UTA,1630548,Juzang,J. Juzang,-10,37,4,Made,1,69,78,147,h,Juzang 4' Turnaround Hook Shot (8 PTS) (Sensabaugh 4 AST),Made Shot,Turnaround Hook Shot,1,2,274
0022400872,371,PT06M30.00S,3,1610612740,NOP,1629627,Williamson,Z. Williamson,-31,1,3,Made,1,69,80,149,v,Williamson 3' Layup (20 PTS),Made Shot,Layup Shot,1,2,275
0022400872,372,PT06M20.00S,3,1610612762,UTA,1642268,Collier,I. Collier,-23,11,3,Made,1,71,80,151,h,Collier 3' Driving Reverse Layup (7 PTS) (Juzang 1 AST),Made Shot,Driving Reverse Layup Shot,1,2,276
0022400872,374,PT06M08.00S,3,1610612740,NOP,1630530,Murphy III,T. Murphy III,-42,5,4,Missed,1,,,0,v,MISS Murphy III 4' Driving Layup,Missed Shot,Driving Layup Shot,1,2,277
0022400872,375,PT06M05.00S,3,1610612762,UTA,1642271,Filipowski,K. Filipowski,0,0,0,,0,,,0,h,Filipowski REBOUND (Off:2 Def:8),Rebound,Unknown,1,0,278
0022400872,376,PT06M01.00S,3,1610612740,NOP,203468,McCollum,C. McCollum,0,0,0,,0,,,0,v,McCollum S.FOUL (P2.T3) (M.Dagher),Foul,Shooting,1,0,279
0022400872,378,PT06M01.00S,3,0,,1610612740,,,0,0,0,,0,,,0,v,Pelicans Violation: Delay of game Violation,Violation,Delay Of Game,0,0,280
0022400872,379,PT06M01.00S,3,1610612762,UTA,1642268,Collier,I. Collier,0,0,0,,0,72,80,152,h,Collier Free Throw 1 of 2 (8 PTS),Free Throw,Free Throw 1 of 2,1,0,281
0022400872,380,PT06M01.00S,3,1610612762,UTA,1641729,Sensabaugh,B. Sensabaugh,0,0,0,,0,,,0,h,SUB: Williams FOR Sensabaugh,Substitution,,0,0,282
0022400872,381,PT06M01.00S,3,1610612762,UTA,1630548,Juzang,J. Juzang,0,0,0,,0,,,0,h,SUB: George FOR Juzang,Substitution,,0,0,283
0022400872,382,PT06M01.00S,3,1610612740,NOP,1629627,Williamson,Z. Williamson,0,0,0,,0,,,0,v,SUB: Matković FOR Williamson,Substitution,,0,0,284
0022400872,383,PT06M01.00S,3,1610612740,NOP,203482,Olynyk,K. Olynyk,0,0,0,,0,,,0,v,SUB: Brown FOR Olynyk,Substitution,,0,0,285
0022400872,384,PT06M01.00S,3,1610612740,NOP,1642274,Missi,Y. Missi,0,0,0,,0,,,0,v,SUB: Hawkins FOR Missi,Substitution,,0,0,286
0022400872,390,PT06M01.00S,3,1610612762,UTA,1642268,Collier,I. Collier,0,0,0,,0,73,80,153,h,Collier Free Throw 2 of 2 (9 PTS),Free Throw,Free Throw 2 of 2,1,0,287
0022400872,391,PT05M45.00S,3,1610612740,NOP,1630530,Murphy III,T. Murphy III,28,83,9,Made,1,73,82,155,v,Murphy III 9' Driving Layup (16 PTS) (Matković 1 AST),Made Shot,Driving Layup Shot,1,2,288
0022400872,392,PT05M30.00S,3,1610612762,UTA,1642271,Filipowski,K. Filipowski,-22,59,6,Missed,1,,,0,h,MISS Filipowski 6' Floating Jump Shot,Missed Shot,Floating Jump shot,1,2,289
0022400872,392,PT05M30.00S,3,1610612740,NOP,1631255,Matković,K. Matković,0,0,0,,0,,,0,v,Matković BLOCK (2 BLK),,,1,2,290
0022400872,394,PT05M28.00S,3,1610612740,NOP,1628971,Brown,B. Brown,0,0,0,,0,,,0,v,Brown REBOUND (Off:1 Def:4),Rebound,Unknown,1,0,291
0022400872,396,PT05M25.00S,3,1610612740,NOP,1641722,Hawkins,J. Hawkins,0,0,0,,0,,,0,v,Hawkins Step Out of Bounds Turnover (P2.T9),Turnover,Step Out of Bounds Turnover,1,0,292
0022400872,397,PT05M25.00S,3,1610612762,UTA,1642268,Collier,I. Collier,0,0,0,,0,,,0,h,SUB: Springer FOR Collier,Substitution,,0,0,293
0022400872,399,PT05M25.00S,3,1610612762,UTA,1630231,Martin,K. Martin,0,0,0,,0,,,0,h,SUB: Potter FOR Martin,Substitution,,0,0,294
0022400872,401,PT05M07.00S,3,1610612762,UTA,1630695,Potter,M. Potter,-238,11,24,Missed,1,,,0,h,MISS Potter 24' 3PT Jump Shot,Missed Shot,Jump Shot,1,3,295
0022400872,402,PT05M03.00S,3,1610612740,NOP,1628971,Brown,B. Brown,0,0,0,,0,,,0,v,Brown REBOUND (Off:1 Def:5),Rebound,Unknown,1,0,296
0022400872,403,PT04M54.00S,3,1610612740,NOP,203468,McCollum,C. McCollum,-61,74,10,Made,1,73,84,157,v,McCollum 10' Driving Floating Bank Jump Shot (12 PTS) (Brown 1 AST),Made Shot,Driving Floating Bank Jump Shot,1,2,297
0022400872,405,PT04M34.00S,3,1610612740,NOP,1630530,Murphy III,T. Murphy III,0,0,0,,0,,,0,v,Murphy III P.FOUL (P2.T4) (D.Richardson),Foul,Personal,1,0,298
0022400872,407,PT04M34.00S,3,1610612762,UTA,1642271,Filipowski,K. Filipowski,0,0,0,,0,,,0,h,SUB: Tshiebwe FOR Filipowski,Substitution,,0,0,299
0022400872,409,PT04M21.00S,3,1610612762,UTA,1641718,George,K. George,-80,53,10,Missed,1,,,0,h,MISS George 10' Driving Floating Jump Shot,Missed Shot,Driving Floating Jump Shot,1,2,300
0022400872,409,PT04M21.00S,3,1610612740,NOP,1630530,Murphy III,T. Murphy III,0,0,0,,0,,,0,v,Murphy III BLOCK (1 BLK),,,1,2,301
0022400872,411,PT04M21.00S,3,0,,1610612762,,,0,0,0,,0,,,0,h,JAZZ Rebound,Rebound,Unknown,0,0,302
0022400872,413,PT04M19.00S,3,1610612762,UTA,1641718,George,K. George,0,0,0,,0,,,0,h,George Bad Pass Turnover (P2.T10),Turnover,Bad Pass,1,0,303
0022400872,413,PT04M19.00S,3,1610612740,NOP,1628971,Brown,B. Brown,0,0,0,,0,,,0,v,Brown STEAL (2 STL),,,1,0,304
0022400872,415,PT04M16.00S,3,1610612740,NOP,203468,McCollum,C. McCollum,38,32,5,Made,1,73,86,159,v,McCollum 5' Running Dunk (14 PTS) (Brown 2 AST),Made Shot,Running Dunk Shot,1,2,305
0022400872,417,PT04M05.00S,3,1610612762,UTA,1631131,Tshiebwe,O. Tshiebwe,-32,5,3,Made,1,75,86,161,h,Tshiebwe 3' Cutting Dunk Shot (8 PTS) (Springer 1 AST),Made Shot,Cutting Dunk Shot,1,2,306
0022400872,419,PT03M44.00S,3,1610612762,UTA,1630531,Springer,J. Springer,0,0,0,,0,,,0,h,Springer P.FOUL (P2.T2) (D.Richardson),Foul,Personal,1,0,307
0022400872,421,PT03M39.00S,3,1610612762,UTA,1630531,Springer,J. Springer,0,0,0,,0,,,0,h,Springer P.FOUL (P3.T3) (M.Dagher),Foul,Personal,1,0,308
0022400872,423,PT03M27.00S,3,1610612740,NOP,1630530,Murphy III,T. Murphy III,230,83,24,Missed,1,,,0,v,MISS Murphy III 24' 3PT Step Back Jump Shot,Missed Shot,Step Back Jump shot,1,3,309
0022400872,424,PT03M24.00S,3,1610612762,UTA,1630695,Potter,M. Potter,0,0,0,,0,,,0,h,Potter REBOUND (Off:0 Def:2),Rebound,Unknown,1,0,310
0022400872,425,PT03M15.00S,3,1610612762,UTA,1641718,George,K. George,143,212,26,Made,1,78,86,164,h,George 26' 3PT Pullup Jump Shot (8 PTS),Made Shot,Pullup Jump shot,1,3,311
0022400872,426,PT02M57.00S,3,1610612740,NOP,203468,McCollum,C. McCollum,33,29,4,Made,1,78,88,166,v,McCollum 4' Driving Layup (16 PTS),Made Shot,Driving Layup Shot,1,2,312
0022400872,427,PT02M52.00S,3,1610612762,UTA,1631131,Tshiebwe,O. Tshiebwe,25,15,3,Made,1,80,88,168,h,Tshiebwe 3' Cutting Layup Shot (10 PTS) (George 4 AST),Made Shot,Cutting Layup Shot,1,2,313
0022400872,429,PT02M52.00S,3,0,,1610612740,,,0,0,0,,0,,,0,v,Pelicans Timeout: Regular (Reg.3 Short 0),Timeout,Regular,0,0,314
0022400872,430,PT02M52.00S,3,1610612740,NOP,203468,McCollum,C. McCollum,0,0,0,,0,,,0,v,SUB: Alvarado FOR McCollum,Substitution,,0,0,315
0022400872,433,PT02M32.00S,3,1610612740,NOP,1631255,Matković,K. Matković,83,-7,8,Missed,1,,,0,v,MISS Matković 8' Floating Jump Shot,Missed Shot,Floating Jump shot,1,2,316
0022400872,434,PT02M30.00S,3,1610612762,UTA,1630695,Potter,M. Potter,0,0,0,,0,,,0,h,Potter REBOUND (Off:0 Def:3),Rebound,Unknown,1,0,317
0022400872,435,PT02M17.00S,3,1610612762,UTA,1642262,Williams,C. Williams,-16,64,7,Missed,1,,,0,h,MISS Williams 7' Driving Floating Jump Shot,Missed Shot,Driving Floating Jump Shot,1,2,318
0022400872,436,PT02M12.00S,3,1610612762,UTA,1631131,Tshiebwe,O. Tshiebwe,0,0,0,,0,,,0,h,Tshiebwe REBOUND (Off:2 Def:4),Rebound,Unknown,1,0,319
0022400872,437,PT02M12.00S,3,1610612762,UTA,1631131,Tshiebwe,O. Tshiebwe,0,0,0,Made,1,82,88,170,h,Tshiebwe Putback Dunk (12 PTS),Made Shot,Putback Dunk Shot,1,2,320
0022400872,438,PT01M55.00S,3,1610612740,NOP,1630631,Alvarado,J. Alvarado,17,138,14,Missed,1,,,0,v,MISS Alvarado 14' Driving Floating Bank Jump Shot,Missed Shot,Driving Floating Bank Jump Shot,1,2,321
0022400872,439,PT01M51.00S,3,1610612762,UTA,1631131,Tshiebwe,O. Tshiebwe,0,0,0,,0,,,0,h,Tshiebwe REBOUND (Off:2 Def:5),Rebound,Unknown,1,0,322
0022400872,440,PT01M45.00S,3,1610612762,UTA,1641718,George,K. George,143,220,26,Missed,1,,,0,h,MISS George 26' 3PT Jump Shot,Missed Shot,Jump Shot,1,3,323
0022400872,441,PT01M43.00S,3,1610612762,UTA,1631131,Tshiebwe,O. Tshiebwe,0,0,0,,0,,,0,h,Tshiebwe REBOUND (Off:3 Def:5),Rebound,Unknown,1,0,324
0022400872,442,PT01M41.00S,3,1610612762,UTA,1630531,Springer,J. Springer,-219,132,26,Made,1,85,88,173,h,Springer 26' 3PT Jump Shot (7 PTS) (Tshiebwe 1 AST),Made Shot,Jump Shot,1,3,325
0022400872,444,PT01M17.00S,3,1610612740,NOP,1628971,Brown,B. Brown,59,36,7,Missed,1,,,0,v,MISS Brown 7' Driving Bank Hook Shot,Missed Shot,Driving Bank Hook Shot,1,2,326
0022400872,445,PT01M17.00S,3,1610612762,UTA,1631131,Tshiebwe,O. Tshiebwe,0,0,0,,0,,,0,h,Tshiebwe REBOUND (Off:3 Def:6),Rebound,Unknown,1,0,327
0022400872,446,PT01M05.00S,3,1610612762,UTA,1641718,George,K. George,-47,33,6,Made,1,87,88,175,h,George 6' Driving Layup (10 PTS) (Springer 2 AST),Made Shot,Driving Layup Shot,1,2,328
0022400872,448,PT00M54.00S,3,1610612740,NOP,1630530,Murphy III,T. Murphy III,134,269,30,Made,1,87,91,178,v,Murphy III 30' 3PT Pullup Jump Shot (19 PTS),Made Shot,Pullup Jump shot,1,3,329
0022400872,449,PT00M35.30S,3,1610612762,UTA,1631131,Tshiebwe,O. Tshiebwe,0,71,7,Made,1,89,91,180,h,Tshiebwe 7' Driving Floating Jump Shot (14 PTS) (George 5 AST),Made Shot,Driving Floating Jump Shot,1,2,330
0022400872,451,PT00M20.60S,3,1610612740,NOP,1630530,Murphy III,T. Murphy III,-121,239,27,Missed,1,,,0,v,MISS Murphy III 27' 3PT Pullup Jump Shot,Missed Shot,Pullup Jump shot,1,3,331
0022400872,452,PT00M17.90S,3,1610612762,UTA,1631131,Tshiebwe,O. Tshiebwe,0,0,0,,0,,,0,h,Tshiebwe REBOUND (Off:3 Def:7),Rebound,Unknown,1,0,332
0022400872,453,PT00M12.50S,3,1610612762,UTA,1630531,Springer,J. Springer,-34,26,4,Missed,1,,,0,h,MISS Springer 4' Running Layup,Missed Shot,Running Layup Shot,1,2,333
0022400872,454,PT00M12.50S,3,0,,1610612762,,,0,0,0,,0,,,0,h,JAZZ Rebound,Rebound,Unknown,1,0,334
0022400872,456,PT00M04.80S,3,1610612740,NOP,1641722,Hawkins,J. Hawkins,0,0,0,,0,,,0,v,Hawkins S.FOUL (P1.PN) (D.Richardson),Foul,Shooting,1,0,335
0022400872,458,PT00M04.80S,3,1610612762,UTA,1641718,George,K. George,0,0,0,,0,90,91,181,h,George Free Throw 1 of 3 (11 PTS),Free Throw,Free Throw 1 of 3,1,0,336
0022400872,459,PT00M04.80S,3,1610612762,UTA,1641718,George,K. George,0,0,0,,0,,,0,h,MISS George Free Throw 2 of 3,Free Throw,Free Throw 2 of 3,1,0,337
0022400872,460,PT00M04.80S,3,0,,1610612762,,,0,0,0,,0,,,0,h,JAZZ Rebound,Rebound,Normal Rebound,0,0,338
0022400872,461,PT00M04.80S,3,1610612740,NOP,1631255,Matković,K. Matković,0,0,0,,0,,,0,v,SUB: Williamson FOR Matković,Substitution,,0,0,339
0022400872,463,PT00M04.80S,3,1610612762,UTA,1641718,George,K. George,0,0,0,,0,91,91,182,h,George Free Throw 3 of 3 (12 PTS),Free Throw,Free Throw 3 of 3,1,0,340
0022400872,464,PT00M00.00S,3,1610612740,NOP,1630530,Murphy III,T. Murphy III,-232,11,0,Missed,1,,,0,v,MISS Murphy III 3PT Jump Shot,Missed Shot,Jump Shot,1,3,341
0022400872,465,PT00M00.00S,3,0,,1610612740,,,0,0,0,,0,,,0,v,Pelicans Rebound,Rebound,Unknown,1,0,342
0022400872,466,PT00M00.00S,3,0,,0,,,0,0,0,,0,91,91,182,,End of 3rd Period (9:41 PM EST),period,end,1,0,343
0022400872,471,PT12M00.00S,4,0,,0,,,0,0,0,,0,91,91,182,,Start of 4th Period (9:44 PM EST),period,start,0,0,344
0022400872,472,PT12M00.00S,4,0,,1610612762,,,0,0,0,,0,,,0,h,JAZZ Violation: Delay of game Violation,Violation,Delay Of Game,0,0,345
0022400872,473,PT11M46.00S,4,1610612762,UTA,1642262,Williams,C. Williams,-237,6,24,Made,1,94,91,185,h,Williams 24' 3PT Jump Shot (5 PTS) (Potter 2 AST),Made Shot,Jump Shot,1,3,346
0022400872,475,PT11M28.00S,4,1610612740,NOP,1630631,Alvarado,J. Alvarado,235,-2,24,Made,1,94,94,188,v,Alvarado 24' 3PT Jump Shot (3 PTS) (Williamson 8 AST),Made Shot,Jump Shot,1,3,347
0022400872,477,PT11M17.00S,4,1610612762,UTA,1641718,George,K. George,27,25,4,Made,1,96,94,190,h,George 4' Driving Layup (14 PTS),Made Shot,Driving Layup Shot,1,2,348
0022400872,478,PT11M03.00S,4,1610612740,NOP,1629627,Williamson,Z. Williamson,-36,80,9,Missed,1,,,0,v,MISS Williamson 9' Pullup Jump Shot,Missed Shot,Pullup Jump shot,1,2,349
0022400872,479,PT11M01.00S,4,1610612762,UTA,1631131,Tshiebwe,O. Tshiebwe,0,0,0,,0,,,0,h,Tshiebwe REBOUND (Off:3 Def:8),Rebound,Unknown,1,0,350
0022400872,480,PT10M52.00S,4,1610612762,UTA,1631131,Tshiebwe,O. Tshiebwe,-26,44,5,Made,1,98,94,192,h,Tshiebwe 5' Cutting Layup Shot (16 PTS) (Springer 3 AST),Made Shot,Cutting Layup Shot,1,2,351
0022400872,482,PT10M31.00S,4,1610612740,NOP,1630631,Alvarado,J. Alvarado,77,84,11,Missed,1,,,0,v,MISS Alvarado 11' Driving Floating Jump Shot,Missed Shot,Driving Floating Jump Shot,1,2,352
0022400872,483,PT10M29.00S,4,1610612762,UTA,1630695,Potter,M. Potter,0,0,0,,0,,,0,h,Potter REBOUND (Off:0 Def:4),Rebound,Unknown,1,0,353
0022400872,484,PT10M24.00S,4,1610612762,UTA,1641718,George,K. George,-201,164,26,Missed,1,,,0,h,MISS George 26' 3PT Step Back Jump Shot,Missed Shot,Step Back Jump shot,1,3,354
0022400872,485,PT10M21.00S,4,1610612762,UTA,1631131,Tshiebwe,O. Tshiebwe,0,0,0,,0,,,0,h,Tshiebwe REBOUND (Off:4 Def:8),Rebound,Unknown,1,0,355
0022400872,486,PT10M18.00S,4,1610612740,NOP,1631255,Matković,K. Matković,0,0,0,,0,,,0,v,Matković S.FOUL (P4.T1) (B.Forte),Foul,Shooting,1,0,356
0022400872,488,PT10M18.00S,4,1610612762,UTA,1641718,George,K. George,0,0,0,,0,99,94,193,h,George Free Throw 1 of 2 (15 PTS),Free Throw,Free Throw 1 of 2,1,0,357
0022400872,489,PT10M18.00S,4,1610612762,UTA,1641718,George,K. George,0,0,0,,0,100,94,194,h,George Free Throw 2 of 2 (16 PTS),Free Throw,Free Throw 2 of 2,1,0,358
0022400872,490,PT10M04.00S,4,1610612740,NOP,1628971,Brown,B. Brown,20,37,4,Missed,1,,,0,v,MISS Brown 4' Driving Layup,Missed Shot,Driving Layup Shot,1,2,359
0022400872,490,PT10M04.00S,4,1610612762,UTA,1630695,Potter,M. Potter,0,0,0,,0,,,0,h,Potter BLOCK (1 BLK),,,1,2,360
0022400872,492,PT10M01.00S,4,1610612762,UTA,1631131,Tshiebwe,O. Tshiebwe,0,0,0,,0,,,0,h,Tshiebwe REBOUND (Off:4 Def:9),Rebound,Unknown,0,0,361
0022400872,493,PT09M54.00S,4,1610612762,UTA,1630531,Springer,J. Springer,98,232,25,Missed,1,,,0,h,MISS Springer 25' 3PT Jump Shot,Missed Shot,Jump Shot,1,3,362
0022400872,494,PT09M52.00S,4,1610612740,NOP,1628971,Brown,B. Brown,0,0,0,,0,,,0,v,Brown REBOUND (Off:1 Def:6),Rebound,Unknown,1,0,363
0022400872,495,PT09M43.00S,4,1610612740,NOP,1631255,Matković,K. Matković,33,8,3,Made,1,100,96,196,v,Matković 3' Reverse Layup (4 PTS) (Williamson 9 AST),Made Shot,Reverse Layup Shot,1,2,364
0022400872,497,PT09M21.00S,4,1610612762,UTA,1641718,George,K. George,-54,41,7,Missed,1,,,0,h,MISS George 7' Driving Layup,Missed Shot,Driving Layup Shot,1,2,365
0022400872,498,PT09M18.00S,4,1610612740,NOP,1631255,Matković,K. Matković,0,0,0,,0,,,0,v,Matković REBOUND (Off:0 Def:1),Rebound,Unknown,1,0,366
0022400872,499,PT09M11.00S,4,1610612740,NOP,1628971,Brown,B. Brown,-143,199,25,Made,1,100,99,199,v,Brown 25' 3PT Jump Shot (7 PTS) (Hawkins 3 AST),Made Shot,Jump Shot,1,3,367
0022400872,501,PT08M58.00S,4,1610612740,NOP,1628971,Brown,B. Brown,0,0,0,,0,,,0,v,Brown P.FOUL (P1.T2) (M.Dagher),Foul,Personal,1,0,368
0022400872,503,PT08M58.00S,4,1610612762,UTA,1642262,Williams,C. Williams,0,0,0,,0,,,0,h,SUB: Sensabaugh FOR Williams,Substitution,,0,0,369
0022400872,504,PT08M58.00S,4,1610612762,UTA,1630531,Springer,J. Springer,0,0,0,,0,,,0,h,SUB: Collier FOR Springer,Substitution,,0,0,370
0022400872,507,PT08M53.00S,4,1610612762,UTA,1641718,George,K. George,-217,130,25,Missed,1,,,0,h,MISS George 25' 3PT Jump Shot,Missed Shot,Jump Shot,1,3,371
0022400872,508,PT08M50.00S,4,1610612740,NOP,1628971,Brown,B. Brown,0,0,0,,0,,,0,v,Brown REBOUND (Off:1 Def:7),Rebound,Unknown,1,0,372
0022400872,509,PT08M40.00S,4,1610612740,NOP,1629627,Williamson,Z. Williamson,-70,237,25,Missed,1,,,0,v,MISS Williamson 25' 3PT Jump Shot,Missed Shot,Jump Shot,1,3,373
0022400872,510,PT08M38.00S,4,1610612762,UTA,1630695,Potter,M. Potter,0,0,0,,0,,,0,h,Potter REBOUND (Off:0 Def:5),Rebound,Unknown,1,0,374
0022400872,511,PT08M28.00S,4,1610612762,UTA,1641718,George,K. George,-195,165,26,Made,1,103,99,202,h,George 26' 3PT Jump Shot (19 PTS) (Collier 7 AST),Made Shot,Jump Shot,1,3,375
0022400872,513,PT08M16.00S,4,1610612762,UTA,1631131,Tshiebwe,O. Tshiebwe,0,0,0,,0,,,0,h,Tshiebwe S.FOUL (P1.T1) (M.Dagher),Foul,Shooting,1,0,376
0022400872,515,PT08M16.00S,4,1610612740,NOP,1629627,Williamson,Z. Williamson,0,0,0,,0,103,100,203,v,Williamson Free Throw 1 of 2 (21 PTS),Free Throw,Free Throw 1 of 2,1,0,377
0022400872,516,PT08M16.00S,4,1610612740,NOP,1628971,Brown,B. Brown,0,0,0,,0,,,0,v,SUB: Olynyk FOR Brown,Substitution,,0,0,378
0022400872,517,PT08M16.00S,4,1610612740,NOP,1641722,Hawkins,J. Hawkins,0,0,0,,0,,,0,v,SUB: McCollum FOR Hawkins,Substitution,,0,0,379
0022400872,520,PT08M16.00S,4,1610612740,NOP,1629627,Williamson,Z. Williamson,0,0,0,,0,103,101,204,v,Williamson Free Throw 2 of 2 (22 PTS),Free Throw,Free Throw 2 of 2,1,0,380
0022400872,521,PT08M02.00S,4,1610612762,UTA,1630695,Potter,M. Potter,229,12,0,Missed,1,,,0,h,MISS Potter 3PT Jump Shot,Missed Shot,Jump Shot,1,3,381
0022400872,522,PT07M59.00S,4,1610612762,UTA,1641729,Sensabaugh,B. Sensabaugh,0,0,0,,0,,,0,h,Sensabaugh REBOUND (Off:1 Def:1),Rebound,Unknown,1,0,382
0022400872,523,PT07M57.00S,4,1610612762,UTA,1641729,Sensabaugh,B. Sensabaugh,-234,36,24,Missed,1,,,0,h,MISS Sensabaugh 24' 3PT Jump Shot,Missed Shot,Jump Shot,1,3,383
0022400872,524,PT07M57.00S,4,1610612762,UTA,1630695,Potter,M. Potter,0,0,0,,0,,,0,h,Potter REBOUND (Off:1 Def:5),Rebound,Unknown,1,0,384
0022400872,525,PT07M52.00S,4,1610612762,UTA,1630695,Potter,M. Potter,0,0,0,Made,1,105,101,206,h,Potter Tip Dunk Shot (8 PTS),Made Shot,Tip Dunk Shot,1,2,385
0022400872,526,PT07M39.00S,4,1610612740,NOP,1629627,Williamson,Z. Williamson,-23,15,3,Missed,1,,,0,v,MISS Williamson 3' Driving Layup,Missed Shot,Driving Layup Shot,1,2,386
0022400872,526,PT07M39.00S,4,1610612762,UTA,1642268,Collier,I. Collier,0,0,0,,0,,,0,h,Collier BLOCK (2 BLK),,,1,2,387
0022400872,528,PT07M38.00S,4,0,,1610612740,,,0,0,0,,0,,,0,v,Pelicans Rebound,Rebound,Unknown,1,0,388
0022400872,530,PT07M26.00S,4,1610612740,NOP,203482,Olynyk,K. Olynyk,13,71,7,Made,1,105,103,208,v,Olynyk 7' Driving Finger Roll Layup (18 PTS) (McCollum 4 AST),Made Shot,Driving Finger Roll Layup Shot,1,2,389
0022400872,532,PT07M09.00S,4,1610612762,UTA,1641718,George,K. George,138,227,27,Made,1,108,103,211,h,George 27' 3PT Jump Shot (22 PTS) (Potter 3 AST),Made Shot,Jump Shot,1,3,390
0022400872,534,PT06M53.00S,4,1610612740,NOP,1629627,Williamson,Z. Williamson,0,35,4,Missed,1,,,0,v,MISS Williamson 4' Driving Layup,Missed Shot,Driving Layup Shot,1,2,391
0022400872,535,PT06M49.00S,4,1610612740,NOP,1631255,Matković,K. Matković,0,0,0,,0,,,0,v,Matković REBOUND (Off:1 Def:1),Rebound,Unknown,1,0,392
0022400872,536,PT06M49.00S,4,1610612740,NOP,1631255,Matković,K. Matković,0,0,0,Made,1,108,105,213,v,Matković Tip Layup Shot (6 PTS),Made Shot,Tip Layup Shot,1,2,393
0022400872,537,PT06M41.00S,4,1610612762,UTA,1630695,Potter,M. Potter,18,253,25,Missed,1,,,0,h,MISS Potter 25' 3PT Jump Shot,Missed Shot,Jump Shot,1,3,394
0022400872,538,PT06M37.00S,4,1610612740,NOP,1629627,Williamson,Z. Williamson,0,0,0,,0,,,0,v,Williamson REBOUND (Off:1 Def:5),Rebound,Unknown,1,0,395
0022400872,539,PT06M33.00S,4,1610612740,NOP,1630631,Alvarado,J. Alvarado,-150,189,24,Missed,1,,,0,v,MISS Alvarado 24' 3PT Running Pull-Up Jump Shot,Missed Shot,Running Pull-Up Jump Shot,1,3,396
0022400872,540,PT06M32.00S,4,1610612740,NOP,1631255,Matković,K. Matković,0,0,0,,0,,,0,v,Matković REBOUND (Off:2 Def:1),Rebound,Unknown,1,0,397
0022400872,541,PT06M32.00S,4,1610612762,UTA,1642268,Collier,I. Collier,0,0,0,,0,,,0,h,Collier S.FOUL (P1.T2) (B.Forte),Foul,Shooting,1,0,398
0022400872,543,PT06M32.00S,4,0,,1610612762,,,0,0,0,,0,,,0,h,JAZZ Timeout: Regular (Full 4 Short 0),Timeout,Regular,0,0,399
0022400872,544,PT06M32.00S,4,1610612762,UTA,1631131,Tshiebwe,O. Tshiebwe,0,0,0,,0,,,0,h,SUB: Filipowski FOR Tshiebwe,Substitution,,0,0,400
0022400872,545,PT06M32.00S,4,1610612740,NOP,1629627,Williamson,Z. Williamson,0,0,0,,0,,,0,v,SUB: Murphy III FOR Williamson,Substitution,,0,0,401
0022400872,548,PT06M32.00S,4,1610612740,NOP,1631255,Matković,K. Matković,0,0,0,,0,,,0,v,MISS Matković Free Throw 1 of 2,Free Throw,Free Throw 1 of 2,1,0,402
0022400872,549,PT06M32.00S,4,0,,1610612740,,,0,0,0,,0,,,0,v,Pelicans Rebound,Rebound,Normal Rebound,0,0,403
0022400872,550,PT06M32.00S,4,1610612740,NOP,1631255,Matković,K. Matković,0,0,0,,0,,,0,v,MISS Matković Free Throw 2 of 2,Free Throw,Free Throw 2 of 2,1,0,404
0022400872,551,PT06M30.00S,4,1610612740,NOP,203482,Olynyk,K. Olynyk,0,0,0,,0,,,0,v,Olynyk REBOUND (Off:2 Def:5),Rebound,Unknown,1,0,405
0022400872,552,PT06M20.00S,4,1610612740,NOP,203468,McCollum,C. McCollum,-234,-10,0,Made,1,108,108,216,v,McCollum 3PT Jump Shot (19 PTS) (Olynyk 4 AST),Made Shot,Jump Shot,1,3,406
0022400872,554,PT05M59.00S,4,1610612762,UTA,1641718,George,K. George,-188,170,25,Missed,1,,,0,h,MISS George 25' 3PT Jump Shot,Missed Shot,Jump Shot,1,3,407
0022400872,555,PT05M58.00S,4,1610612740,NOP,1631255,Matković,K. Matković,0,0,0,,0,,,0,v,Matković REBOUND (Off:2 Def:2),Rebound,Unknown,1,0,408
0022400872,556,PT05M51.00S,4,1610612740,NOP,203468,McCollum,C. McCollum,-189,172,26,Made,1,108,111,219,v,McCollum 26' 3PT Pullup Jump Shot (22 PTS),Made Shot,Pullup Jump shot,1,3,409
0022400872,558,PT05M35.00S,4,1610612762,UTA,1641718,George,K. George,37,44,6,Missed,1,,,0,h,MISS George 6' Driving Layup,Missed Shot,Driving Layup Shot,1,2,410
0022400872,559,PT05M33.00S,4,1610612740,NOP,1631255,Matković,K. Matković,0,0,0,,0,,,0,v,Matković REBOUND (Off:2 Def:3),Rebound,Unknown,1,0,411
0022400872,560,PT05M29.00S,4,1610612740,NOP,203468,McCollum,C. McCollum,36,243,25,Made,1,108,114,222,v,McCollum 25' 3PT Running Pull-Up Jump Shot (25 PTS),Made Shot,Running Pull-Up Jump Shot,1,3,412
0022400872,561,PT05M13.00S,4,1610612762,UTA,1642268,Collier,I. Collier,31,33,5,Missed,1,,,0,h,MISS Collier 5' Driving Floating Bank Jump Shot,Missed Shot,Driving Floating Bank Jump Shot,1,2,413
0022400872,562,PT05M10.00S,4,1610612740,NOP,1630530,Murphy III,T. Murphy III,0,0,0,,0,,,0,v,Murphy III REBOUND (Off:2 Def:4),Rebound,Unknown,1,0,414
0022400872,563,PT04M59.00S,4,1610612740,NOP,203468,McCollum,C. McCollum,105,237,26,Missed,1,,,0,v,MISS McCollum 26' 3PT Jump Shot,Missed Shot,Jump Shot,1,3,415
0022400872,564,PT04M57.00S,4,0,,1610612740,,,0,0,0,,0,,,0,v,Pelicans Rebound,Rebound,Unknown,0,0,416
0022400872,568,PT04M57.00S,4,1610612740,NOP,1631255,Matković,K. Matković,0,0,0,,0,,,0,v,SUB: Missi FOR Matković,Substitution,,0,0,417
0022400872,569,PT04M54.00S,4,1610612762,UTA,1642268,Collier,I. Collier,0,0,0,,0,,,0,h,Collier P.FOUL (P2.T3) (D.Richardson),Foul,Personal,1,0,418
0022400872,571,PT04M54.00S,4,0,,1610612740,,,0,0,0,,0,,,0,v,Pelicans Timeout: Regular (Reg.4 Short 0),Timeout,Regular,0,0,419
0022400872,572,PT04M54.00S,4,1610612762,UTA,1630695,Potter,M. Potter,0,0,0,,0,,,0,h,SUB: Martin FOR Potter,Substitution,,0,0,420
0022400872,574,PT04M48.00S,4,1610612740,NOP,203468,McCollum,C. McCollum,0,0,0,,0,,,0,v,McCollum Out of Bounds - Bad Pass Turnover Turnover (P2.T10),Turnover,Out of Bounds - Bad Pass Turnover,1,0,421
0022400872,575,PT04M35.00S,4,1610612762,UTA,1630231,Martin,K. Martin,0,0,0,,0,,,0,h,Martin Lost Ball Turnover (P3.T11),Turnover,Lost Ball,1,0,422
0022400872,575,PT04M35.00S,4,1610612740,NOP,1630530,Murphy III,T. Murphy III,0,0,0,,0,,,0,v,Murphy III STEAL (1 STL),,,1,0,423
0022400872,577,PT04M28.00S,4,1610612740,NOP,203482,Olynyk,K. Olynyk,69,16,7,Made,1,108,116,224,v,Olynyk 7' Driving Layup (20 PTS) (Murphy III 6 AST),Made Shot,Driving Layup Shot,1,2,424
0022400872,579,PT04M09.00S,4,1610612762,UTA,1641729,Sensabaugh,B. Sensabaugh,53,107,12,Missed,1,,,0,h,MISS Sensabaugh 12' Pullup Jump Shot,Missed Shot,Pullup Jump shot,1,2,425
0022400872,580,PT04M08.00S,4,1610612740,NOP,1642274,Missi,Y. Missi,0,0,0,,0,,,0,v,Missi REBOUND (Off:2 Def:4),Rebound,Unknown,1,0,426
0022400872,581,PT04M02.00S,4,1610612740,NOP,1642274,Missi,Y. Missi,15,14,2,Made,1,108,118,226,v,Missi 2' Running Dunk (8 PTS) (McCollum 5 AST),Made Shot,Running Dunk Shot,1,2,427
0022400872,583,PT03M50.00S,4,1610612740,NOP,203468,McCollum,C. McCollum,0,0,0,,0,,,0,v,McCollum P.FOUL (P3.T3) (D.Richardson),Foul,Personal,1,0,428
0022400872,585,PT03M50.00S,4,1610612740,NOP,1630631,Alvarado,J. Alvarado,0,0,0,,0,,,0,v,SUB: Williamson FOR Alvarado,Substitution,,0,0,429
0022400872,587,PT03M45.00S,4,1610612740,NOP,203468,McCollum,C. McCollum,0,0,0,,0,,,0,v,McCollum S.FOUL (P4.T4) (M.Dagher),Foul,Shooting,1,0,430
0022400872,590,PT03M45.00S,4,1610612762,UTA,1642268,Collier,I. Collier,0,0,0,,0,109,118,227,h,Collier Free Throw 1 of 2 (10 PTS),Free Throw,Free Throw 1 of 2,1,0,431
0022400872,591,PT03M45.00S,4,1610612762,UTA,1642268,Collier,I. Collier,0,0,0,,0,110,118,228,h,Collier Free Throw 2 of 2 (11 PTS),Free Throw,Free Throw 2 of 2,1,0,432
0022400872,592,PT03M33.00S,4,1610612740,NOP,203468,McCollum,C. McCollum,229,16,0,Missed,1,,,0,v,MISS McCollum 3PT Pullup Jump Shot,Missed Shot,Pullup Jump shot,1,3,433
0022400872,593,PT03M29.00S,4,1610612762,UTA,1642271,Filipowski,K. Filipowski,0,0,0,,0,,,0,h,Filipowski REBOUND (Off:2 Def:9),Rebound,Unknown,1,0,434
0022400872,594,PT03M20.00S,4,1610612762,UTA,1641718,George,K. George,6,75,8,Made,1,112,118,230,h,George 8' Driving Floating Bank Jump Shot (24 PTS),Made Shot,Driving Floating Bank Jump Shot,1,2,435
0022400872,595,PT03M20.00S,4,1610612740,NOP,1642274,Missi,Y. Missi,0,0,0,,0,,,0,v,Missi S.FOUL (P1.PN) (D.Richardson),Foul,Shooting,1,0,436
0022400872,597,PT03M20.00S,4,1610612762,UTA,1641718,George,K. George,0,0,0,,0,113,118,231,h,George Free Throw 1 of 1 (25 PTS),Free Throw,Free Throw 1 of 1,1,0,437
0022400872,598,PT03M20.00S,4,0,,1610612740,,,0,0,0,,0,,,0,v,Pelicans Timeout: Regular (Reg.5 Short 0),Timeout,Regular,0,0,438
0022400872,599,PT03M04.00S,4,1610612740,NOP,203482,Olynyk,K. Olynyk,-225,25,0,Made,1,113,121,234,v,Olynyk 3PT Jump Shot (23 PTS) (McCollum 6 AST),Made Shot,Jump Shot,1,3,439
0022400872,601,PT02M50.00S,4,1610612762,UTA,1642271,Filipowski,K. Filipowski,27,12,3,Missed,1,,,0,h,MISS Filipowski 3' Alley Oop Layup,Missed Shot,Alley Oop Layup shot,1,2,440
0022400872,602,PT02M47.00S,4,1610612740,NOP,1642274,Missi,Y. Missi,0,0,0,,0,,,0,v,Missi REBOUND (Off:2 Def:5),Rebound,Unknown,1,0,441
0022400872,604,PT02M30.00S,4,1610612740,NOP,1642274,Missi,Y. Missi,-22,16,3,Missed,1,,,0,v,MISS Missi 3' Layup,Missed Shot,Layup Shot,1,2,442
0022400872,606,PT02M30.00S,4,0,,1610612762,,,0,0,0,,0,,,0,h,JAZZ Rebound,Rebound,Unknown,1,0,443
0022400872,608,PT02M20.00S,4,1610612762,UTA,1642268,Collier,I. Collier,37,26,5,Missed,1,,,0,h,MISS Collier 5' Driving Layup,Missed Shot,Driving Layup Shot,1,2,444
0022400872,608,PT02M20.00S,4,1610612740,NOP,203468,McCollum,C. McCollum,0,0,0,,0,,,0,v,McCollum BLOCK (1 BLK),,,1,2,445
0022400872,610,PT02M19.00S,4,0,,1610612762,,,0,0,0,,0,,,0,h,JAZZ Rebound,Rebound,Unknown,0,0,446
0022400872,611,PT02M19.00S,4,1610612740,NOP,203468,McCollum,C. McCollum,0,0,0,,0,,,0,v,McCollum Violation:Jump Ball (D.Richardson),Violation,Jump Ball,0,0,447
0022400872,612,PT02M14.00S,4,1610612762,UTA,1641718,George,K. George,103,233,25,Made,1,116,121,237,h,George 25' 3PT Jump Shot (28 PTS) (Filipowski 7 AST),Made Shot,Jump Shot,1,3,448
0022400872,614,PT01M53.00S,4,1610612740,NOP,203468,McCollum,C. McCollum,0,0,0,,0,,,0,v,McCollum Bad Pass Turnover (P3.T11),Turnover,Bad Pass,1,0,449
0022400872,614,PT01M53.00S,4,1610612762,UTA,1630231,Martin,K. Martin,0,0,0,,0,,,0,h,Martin STEAL (1 STL),,,1,0,450
0022400872,616,PT01M47.00S,4,1610612762,UTA,1642271,Filipowski,K. Filipowski,-22,46,5,Made,1,118,121,239,h,Filipowski 5' Dunk (9 PTS) (Collier 8 AST),Made Shot,Dunk Shot,1,2,451
0022400872,618,PT01M26.00S,4,1610612740,NOP,1630530,Murphy III,T. Murphy III,-126,257,29,Missed,1,,,0,v,MISS Murphy III 29' 3PT Jump Shot,Missed Shot,Jump Shot,1,3,452
0022400872,619,PT01M23.00S,4,1610612740,NOP,203468,McCollum,C. McCollum,0,0,0,,0,,,0,v,McCollum REBOUND (Off:1 Def:2),Rebound,Unknown,1,0,453
0022400872,620,PT01M13.00S,4,1610612740,NOP,1629627,Williamson,Z. Williamson,-22,45,5,Made,1,118,123,241,v,Williamson 5' Driving Layup (24 PTS) (McCollum 7 AST),Made Shot,Driving Layup Shot,1,2,454
0022400872,622,PT01M04.00S,4,1610612762,UTA,1641718,George,K. George,2,47,5,Missed,1,,,0,h,MISS George 5' Driving Layup,Missed Shot,Driving Layup Shot,1,2,455
0022400872,622,PT01M04.00S,4,1610612740,NOP,1642274,Missi,Y. Missi,0,0,0,,0,,,0,v,Missi BLOCK (1 BLK),,,1,2,456
0022400872,624,PT01M04.00S,4,0,,1610612762,,,0,0,0,,0,,,0,h,JAZZ Rebound,Rebound,Unknown,1,0,457
0022400872,626,PT00M57.60S,4,1610612762,UTA,1641718,George,K. George,0,0,0,,0,,,0,h,George Bad Pass Turnover (P3.T12),Turnover,Bad Pass,1,0,458
0022400872,626,PT00M57.60S,4,1610612740,NOP,1630530,Murphy III,T. Murphy III,0,0,0,,0,,,0,v,Murphy III STEAL (2 STL),,,1,0,459
0022400872,628,PT00M45.60S,4,1610612740,NOP,203482,Olynyk,K. Olynyk,7,8,1,Missed,1,,,0,v,MISS Olynyk 1' Driving Reverse Layup,Missed Shot,Driving Reverse Layup Shot,1,2,460
0022400872,630,PT00M43.30S,4,1610612740,NOP,203482,Olynyk,K. Olynyk,0,0,0,,0,,,0,v,Olynyk REBOUND (Off:3 Def:5),Rebound,Unknown,1,0,461
0022400872,631,PT00M37.20S,4,1610612762,UTA,1630231,Martin,K. Martin,0,0,0,,0,,,0,h,Martin P.FOUL (P2.T4) (B.Forte),Foul,Personal,1,0,462
0022400872,633,PT00M37.20S,4,0,,1610612762,,,0,0,0,,0,,,0,h,JAZZ Timeout: Regular (Full 5 Short 0),Timeout,Regular,0,0,463
0022400872,634,PT00M37.20S,4,0,,631,,,0,0,0,,0,118,123,241,,Instant Replay4th Period (10:12 PM EST),Instant Replay,Coach Challenge Support Ruling,1,0,464
0022400872,635,PT00M24.10S,4,1610612740,NOP,203482,Olynyk,K. Olynyk,-10,93,9,Made,1,118,125,243,v,Olynyk 9' Fadeaway Jumper (25 PTS) (McCollum 8 AST),Made Shot,Fadeaway Jump Shot,1,2,465
0022400872,637,PT00M16.30S,4,1610612762,UTA,1642271,Filipowski,K. Filipowski,27,257,26,Made,1,121,125,246,h,Filipowski 26' 3PT Jump Shot (12 PTS) (George 6 AST),Made Shot,Jump Shot,1,3,466
0022400872,639,PT00M15.40S,4,0,,1610612740,,,0,0,0,,0,,,0,v,Pelicans Timeout: Regular (Reg.6 Short 0),Timeout,Regular,0,0,467
0022400872,640,PT00M15.40S,4,1610612740,NOP,1642274,Missi,Y. Missi,0,0,0,,0,,,0,v,SUB: Brown FOR Missi,Substitution,,0,0,468
0022400872,642,PT00M12.90S,4,1610612762,UTA,1630231,Martin,K. Martin,0,0,0,,0,,,0,h,Martin Personal Take Foul (P3.PN) (B.Forte),Foul,Personal Take,1,0,469
0022400872,644,PT00M12.90S,4,1610612740,NOP,1628971,Brown,B. Brown,0,0,0,,0,,,0,v,MISS Brown Free Throw 1 of 2,Free Throw,Free Throw 1 of 2,1,0,470
0022400872,645,PT00M12.90S,4,0,,1610612740,,,0,0,0,,0,,,0,v,Pelicans Rebound,Rebound,Normal Rebound,0,0,471
0022400872,646,PT00M12.90S,4,1610612740,NOP,1628971,Brown,B. Brown,0,0,0,,0,121,126,247,v,Brown Free Throw 2 of 2 (8 PTS),Free Throw,Free Throw 2 of 2,1,0,472
0022400872,647,PT00M12.90S,4,0,,1610612762,,,0,0,0,,0,,,0,h,JAZZ Timeout: Regular (Full 6 Short 0),Timeout,Regular,0,0,473
0022400872,648,PT00M12.90S,4,1610612762,UTA,1630231,Martin,K. Martin,0,0,0,,0,,,0,h,SUB: Juzang FOR Martin,Substitution,,0,0,474
0022400872,650,PT00M09.20S,4,1610612762,UTA,1641718,George,K. George,114,230,26,Missed,1,,,0,h,MISS George 26' 3PT Pullup Jump Shot,Missed Shot,Pullup Jump shot,1,3,475
0022400872,651,PT00M05.80S,4,1610612740,NOP,203482,Olynyk,K. Olynyk,0,0,0,,0,,,0,v,Olynyk REBOUND (Off:3 Def:6),Rebound,Unknown,1,0,476
0022400872,652,PT00M04.70S,4,1610612762,UTA,1630548,Juzang,J. Juzang,0,0,0,,0,,,0,h,Juzang Personal Take Foul (P2.PN) (D.Richardson),Foul,Personal Take,1,0,477
0022400872,654,PT00M04.70S,4,1610612740,NOP,203482,Olynyk,K. Olynyk,0,0,0,,0,,,0,v,MISS Olynyk Free Throw 1 of 2,Free Throw,Free Throw 1 of 2,1,0,478
0022400872,655,PT00M04.70S,4,0,,1610612740,,,0,0,0,,0,,,0,v,Pelicans Rebound,Rebound,Normal Rebound,0,0,479
0022400872,656,PT00M04.70S,4,1610612740,NOP,203482,Olynyk,K. Olynyk,0,0,0,,0,121,127,248,v,Olynyk Free Throw 2 of 2 (26 PTS),Free Throw,Free Throw 2 of 2,1,0,480
0022400872,657,PT00M04.70S,4,0,,1610612762,,,0,0,0,,0,,,0,h,JAZZ Timeout: Regular (Full 7 Short 0),Timeout,Regular,0,0,481
0022400872,658,PT00M04.70S,4,0,,1610612762,,,0,0,0,,0,,,0,h,JAZZ Excess Timeout Technical,Foul,Excess Timeout Technical,1,0,482
0022400872,659,PT00M04.70S,4,0,,1610612762,,,0,0,0,,0,,,0,h,Excess Timeout Turnover,Turnover,Excess Timeout Turnover,0,0,483
0022400872,660,PT00M04.70S,4,1610612740,NOP,1630530,Murphy III,T. Murphy III,0,0,0,,0,121,128,249,v,Murphy III Free Throw Technical (20 PTS),Free Throw,Free Throw Technical,1,0,484
0022400872,661,PT00M00.00S,4,0,,0,,,0,0,0,,0,121,128,249,,End of 4th Period (10:22 PM EST),period,end,1,0,485
